/*--------------------------------*- C++ -*----------------------------------*\
| =========                 |                                                 |
| \\      /  F ield         | OpenFOAM: The Open Source CFD Toolbox           |
|  \\    /   O peration     | Version:  v1712                                 |
|   \\  /    A nd           | Web:      www.OpenFOAM.com                      |
|    \\/     M anipulation  |                                                 |
\*---------------------------------------------------------------------------*/
FoamFile
{
    version     2.0;
    format      ascii;
    class       faceList;
    location    "constant/polyMesh";
    object      faces;
}
// * * * * * * * * * * * * * * * * * * * * * * * * * * * * * * * * * * * * * //


4616
(
4(1 25 241 217)
4(24 240 241 25)
4(2 26 242 218)
4(25 241 242 26)
4(3 27 243 219)
4(26 242 243 27)
4(4 28 244 220)
4(27 243 244 28)
4(5 29 245 221)
4(28 244 245 29)
4(6 30 246 222)
4(29 245 246 30)
4(7 31 247 223)
4(30 246 247 31)
4(8 32 248 224)
4(31 247 248 32)
4(9 33 249 225)
4(32 248 249 33)
4(10 34 250 226)
4(33 249 250 34)
4(11 35 251 227)
4(34 250 251 35)
4(12 36 252 228)
4(35 251 252 36)
4(13 37 253 229)
4(36 252 253 37)
4(14 38 254 230)
4(37 253 254 38)
4(15 39 255 231)
4(38 254 255 39)
4(16 40 256 232)
4(39 255 256 40)
4(17 41 257 233)
4(40 256 257 41)
4(18 42 258 234)
4(41 257 258 42)
4(19 43 259 235)
4(42 258 259 43)
4(20 44 260 236)
4(43 259 260 44)
4(21 45 261 237)
4(44 260 261 45)
4(22 46 262 238)
4(45 261 262 46)
4(46 262 263 47)
4(25 49 265 241)
4(48 264 265 49)
4(26 50 266 242)
4(49 265 266 50)
4(27 51 267 243)
4(50 266 267 51)
4(28 52 268 244)
4(51 267 268 52)
4(29 53 269 245)
4(52 268 269 53)
4(30 54 270 246)
4(53 269 270 54)
4(31 55 271 247)
4(54 270 271 55)
4(32 56 272 248)
4(55 271 272 56)
4(33 57 273 249)
4(56 272 273 57)
4(34 58 274 250)
4(57 273 274 58)
4(35 59 275 251)
4(58 274 275 59)
4(36 60 276 252)
4(59 275 276 60)
4(37 61 277 253)
4(60 276 277 61)
4(38 62 278 254)
4(61 277 278 62)
4(39 63 279 255)
4(62 278 279 63)
4(40 64 280 256)
4(63 279 280 64)
4(41 65 281 257)
4(64 280 281 65)
4(42 66 282 258)
4(65 281 282 66)
4(43 67 283 259)
4(66 282 283 67)
4(44 68 284 260)
4(67 283 284 68)
4(45 69 285 261)
4(68 284 285 69)
4(46 70 286 262)
4(69 285 286 70)
4(70 286 287 71)
4(49 73 289 265)
4(72 288 289 73)
4(50 74 290 266)
4(73 289 290 74)
4(51 75 291 267)
4(74 290 291 75)
4(52 76 292 268)
4(75 291 292 76)
4(53 77 293 269)
4(76 292 293 77)
4(54 78 294 270)
4(77 293 294 78)
4(55 79 295 271)
4(78 294 295 79)
4(56 80 296 272)
4(79 295 296 80)
4(57 81 297 273)
4(80 296 297 81)
4(58 82 298 274)
4(81 297 298 82)
4(59 83 299 275)
4(82 298 299 83)
4(60 84 300 276)
4(83 299 300 84)
4(61 85 301 277)
4(84 300 301 85)
4(62 86 302 278)
4(85 301 302 86)
4(63 87 303 279)
4(86 302 303 87)
4(64 88 304 280)
4(87 303 304 88)
4(65 89 305 281)
4(88 304 305 89)
4(66 90 306 282)
4(89 305 306 90)
4(67 91 307 283)
4(90 306 307 91)
4(68 92 308 284)
4(91 307 308 92)
4(69 93 309 285)
4(92 308 309 93)
4(70 94 310 286)
4(93 309 310 94)
4(94 310 311 95)
4(73 97 313 289)
4(96 312 313 97)
4(74 98 314 290)
4(97 313 314 98)
4(75 99 315 291)
4(98 314 315 99)
4(76 100 316 292)
4(99 315 316 100)
4(77 101 317 293)
4(100 316 317 101)
4(78 102 318 294)
4(101 317 318 102)
4(79 103 319 295)
4(102 318 319 103)
4(80 104 320 296)
4(103 319 320 104)
4(81 105 321 297)
4(104 320 321 105)
4(82 106 322 298)
4(105 321 322 106)
4(83 107 323 299)
4(106 322 323 107)
4(84 108 324 300)
4(107 323 324 108)
4(85 109 325 301)
4(108 324 325 109)
4(86 110 326 302)
4(109 325 326 110)
4(87 111 327 303)
4(110 326 327 111)
4(88 112 328 304)
4(111 327 328 112)
4(89 113 329 305)
4(112 328 329 113)
4(90 114 330 306)
4(113 329 330 114)
4(91 115 331 307)
4(114 330 331 115)
4(92 116 332 308)
4(115 331 332 116)
4(93 117 333 309)
4(116 332 333 117)
4(94 118 334 310)
4(117 333 334 118)
4(118 334 335 119)
4(97 121 337 313)
4(120 336 337 121)
4(98 122 338 314)
4(121 337 338 122)
4(99 123 339 315)
4(122 338 339 123)
4(100 124 340 316)
4(123 339 340 124)
4(101 125 341 317)
4(124 340 341 125)
4(102 126 342 318)
4(125 341 342 126)
4(103 127 343 319)
4(126 342 343 127)
4(104 128 344 320)
4(127 343 344 128)
4(105 129 345 321)
4(128 344 345 129)
4(106 130 346 322)
4(129 345 346 130)
4(107 131 347 323)
4(130 346 347 131)
4(108 132 348 324)
4(131 347 348 132)
4(109 133 349 325)
4(132 348 349 133)
4(110 134 350 326)
4(133 349 350 134)
4(111 135 351 327)
4(134 350 351 135)
4(112 136 352 328)
4(135 351 352 136)
4(113 137 353 329)
4(136 352 353 137)
4(114 138 354 330)
4(137 353 354 138)
4(115 139 355 331)
4(138 354 355 139)
4(116 140 356 332)
4(139 355 356 140)
4(117 141 357 333)
4(140 356 357 141)
4(118 142 358 334)
4(141 357 358 142)
4(142 358 359 143)
4(121 145 361 337)
4(144 360 361 145)
4(122 146 362 338)
4(145 361 362 146)
4(123 147 363 339)
4(146 362 363 147)
4(124 148 364 340)
4(147 363 364 148)
4(125 149 365 341)
4(148 364 365 149)
4(126 150 366 342)
4(149 365 366 150)
4(127 151 367 343)
4(150 366 367 151)
4(128 152 368 344)
4(151 367 368 152)
4(129 153 369 345)
4(152 368 369 153)
4(130 154 370 346)
4(153 369 370 154)
4(131 155 371 347)
4(154 370 371 155)
4(132 156 372 348)
4(155 371 372 156)
4(133 157 373 349)
4(156 372 373 157)
4(134 158 374 350)
4(157 373 374 158)
4(135 159 375 351)
4(158 374 375 159)
4(136 160 376 352)
4(159 375 376 160)
4(137 161 377 353)
4(160 376 377 161)
4(138 162 378 354)
4(161 377 378 162)
4(139 163 379 355)
4(162 378 379 163)
4(140 164 380 356)
4(163 379 380 164)
4(141 165 381 357)
4(164 380 381 165)
4(142 166 382 358)
4(165 381 382 166)
4(166 382 383 167)
4(145 169 385 361)
4(168 384 385 169)
4(146 170 386 362)
4(169 385 386 170)
4(147 171 387 363)
4(170 386 387 171)
4(148 172 388 364)
4(171 387 388 172)
4(149 173 389 365)
4(172 388 389 173)
4(150 174 390 366)
4(173 389 390 174)
4(151 175 391 367)
4(174 390 391 175)
4(152 176 392 368)
4(175 391 392 176)
4(153 177 393 369)
4(176 392 393 177)
4(154 178 394 370)
4(177 393 394 178)
4(155 179 395 371)
4(178 394 395 179)
4(156 180 396 372)
4(179 395 396 180)
4(157 181 397 373)
4(180 396 397 181)
4(158 182 398 374)
4(181 397 398 182)
4(159 183 399 375)
4(182 398 399 183)
4(160 184 400 376)
4(183 399 400 184)
4(161 185 401 377)
4(184 400 401 185)
4(162 186 402 378)
4(185 401 402 186)
4(163 187 403 379)
4(186 402 403 187)
4(164 188 404 380)
4(187 403 404 188)
4(165 189 405 381)
4(188 404 405 189)
4(166 190 406 382)
4(189 405 406 190)
4(190 406 407 191)
4(169 193 409 385)
4(192 408 409 193)
4(170 194 410 386)
4(193 409 410 194)
4(171 195 411 387)
4(194 410 411 195)
4(172 196 412 388)
4(195 411 412 196)
4(173 197 413 389)
4(196 412 413 197)
4(174 198 414 390)
4(197 413 414 198)
4(175 199 415 391)
4(198 414 415 199)
4(176 200 416 392)
4(199 415 416 200)
4(177 201 417 393)
4(200 416 417 201)
4(178 202 418 394)
4(201 417 418 202)
4(179 203 419 395)
4(202 418 419 203)
4(180 204 420 396)
4(203 419 420 204)
4(181 205 421 397)
4(204 420 421 205)
4(182 206 422 398)
4(205 421 422 206)
4(183 207 423 399)
4(206 422 423 207)
4(184 208 424 400)
4(207 423 424 208)
4(185 209 425 401)
4(208 424 425 209)
4(186 210 426 402)
4(209 425 426 210)
4(187 211 427 403)
4(210 426 427 211)
4(188 212 428 404)
4(211 427 428 212)
4(189 213 429 405)
4(212 428 429 213)
4(190 214 430 406)
4(213 429 430 214)
4(214 430 431 215)
4(433 453 633 613)
4(452 632 633 453)
4(434 454 634 614)
4(453 633 634 454)
4(435 455 635 615)
4(454 634 635 455)
4(436 456 636 616)
4(455 635 636 456)
4(437 457 637 617)
4(456 636 637 457)
4(438 458 638 618)
4(457 637 638 458)
4(439 459 639 619)
4(458 638 639 459)
4(440 460 640 620)
4(459 639 640 460)
4(441 461 641 621)
4(460 640 641 461)
4(442 462 642 622)
4(461 641 642 462)
4(443 463 643 623)
4(462 642 643 463)
4(444 464 644 624)
4(463 643 644 464)
4(445 465 645 625)
4(464 644 645 465)
4(446 466 646 626)
4(465 645 646 466)
4(447 467 647 627)
4(466 646 647 467)
4(448 468 648 628)
4(467 647 648 468)
4(449 469 649 629)
4(468 648 649 469)
4(450 470 650 630)
4(469 649 650 470)
4(470 650 651 471)
4(453 473 653 633)
4(472 652 653 473)
4(454 474 654 634)
4(473 653 654 474)
4(455 475 655 635)
4(474 654 655 475)
4(456 476 656 636)
4(475 655 656 476)
4(457 477 657 637)
4(476 656 657 477)
4(458 478 658 638)
4(477 657 658 478)
4(459 479 659 639)
4(478 658 659 479)
4(460 480 660 640)
4(479 659 660 480)
4(461 481 661 641)
4(480 660 661 481)
4(462 482 662 642)
4(481 661 662 482)
4(463 483 663 643)
4(482 662 663 483)
4(464 484 664 644)
4(483 663 664 484)
4(465 485 665 645)
4(484 664 665 485)
4(466 486 666 646)
4(485 665 666 486)
4(467 487 667 647)
4(486 666 667 487)
4(468 488 668 648)
4(487 667 668 488)
4(469 489 669 649)
4(488 668 669 489)
4(470 490 670 650)
4(489 669 670 490)
4(490 670 671 491)
4(473 493 673 653)
4(492 672 673 493)
4(474 494 674 654)
4(493 673 674 494)
4(475 495 675 655)
4(494 674 675 495)
4(476 496 676 656)
4(495 675 676 496)
4(477 497 677 657)
4(496 676 677 497)
4(478 498 678 658)
4(497 677 678 498)
4(479 499 679 659)
4(498 678 679 499)
4(480 500 680 660)
4(499 679 680 500)
4(481 501 681 661)
4(500 680 681 501)
4(482 502 682 662)
4(501 681 682 502)
4(483 503 683 663)
4(502 682 683 503)
4(484 504 684 664)
4(503 683 684 504)
4(485 505 685 665)
4(504 684 685 505)
4(486 506 686 666)
4(505 685 686 506)
4(487 507 687 667)
4(506 686 687 507)
4(488 508 688 668)
4(507 687 688 508)
4(489 509 689 669)
4(508 688 689 509)
4(490 510 690 670)
4(509 689 690 510)
4(510 690 691 511)
4(493 513 693 673)
4(512 692 693 513)
4(494 514 694 674)
4(513 693 694 514)
4(495 515 695 675)
4(514 694 695 515)
4(496 516 696 676)
4(515 695 696 516)
4(497 517 697 677)
4(516 696 697 517)
4(498 518 698 678)
4(517 697 698 518)
4(499 519 699 679)
4(518 698 699 519)
4(500 520 700 680)
4(519 699 700 520)
4(501 521 701 681)
4(520 700 701 521)
4(502 522 702 682)
4(521 701 702 522)
4(503 523 703 683)
4(522 702 703 523)
4(504 524 704 684)
4(523 703 704 524)
4(505 525 705 685)
4(524 704 705 525)
4(506 526 706 686)
4(525 705 706 526)
4(507 527 707 687)
4(526 706 707 527)
4(508 528 708 688)
4(527 707 708 528)
4(509 529 709 689)
4(528 708 709 529)
4(510 530 710 690)
4(529 709 710 530)
4(530 710 711 531)
4(513 533 713 693)
4(532 712 713 533)
4(514 534 714 694)
4(533 713 714 534)
4(515 535 715 695)
4(534 714 715 535)
4(516 536 716 696)
4(535 715 716 536)
4(517 537 717 697)
4(536 716 717 537)
4(518 538 718 698)
4(537 717 718 538)
4(519 539 719 699)
4(538 718 719 539)
4(520 540 720 700)
4(539 719 720 540)
4(521 541 721 701)
4(540 720 721 541)
4(522 542 722 702)
4(541 721 722 542)
4(523 543 723 703)
4(542 722 723 543)
4(524 544 724 704)
4(543 723 724 544)
4(525 545 725 705)
4(544 724 725 545)
4(526 546 726 706)
4(545 725 726 546)
4(527 547 727 707)
4(546 726 727 547)
4(528 548 728 708)
4(547 727 728 548)
4(529 549 729 709)
4(548 728 729 549)
4(530 550 730 710)
4(549 729 730 550)
4(550 730 731 551)
4(533 553 733 713)
4(552 732 733 553)
4(534 554 734 714)
4(553 733 734 554)
4(535 555 735 715)
4(554 734 735 555)
4(536 556 736 716)
4(555 735 736 556)
4(537 557 737 717)
4(556 736 737 557)
4(538 558 738 718)
4(557 737 738 558)
4(539 559 739 719)
4(558 738 739 559)
4(540 560 740 720)
4(559 739 740 560)
4(541 561 741 721)
4(560 740 741 561)
4(542 562 742 722)
4(561 741 742 562)
4(543 563 743 723)
4(562 742 743 563)
4(544 564 744 724)
4(563 743 744 564)
4(545 565 745 725)
4(564 744 745 565)
4(546 566 746 726)
4(565 745 746 566)
4(547 567 747 727)
4(566 746 747 567)
4(548 568 748 728)
4(567 747 748 568)
4(549 569 749 729)
4(568 748 749 569)
4(550 570 750 730)
4(569 749 750 570)
4(570 750 751 571)
4(553 573 753 733)
4(572 752 753 573)
4(554 574 754 734)
4(573 753 754 574)
4(555 575 755 735)
4(574 754 755 575)
4(556 576 756 736)
4(575 755 756 576)
4(557 577 757 737)
4(576 756 757 577)
4(558 578 758 738)
4(577 757 758 578)
4(559 579 759 739)
4(578 758 759 579)
4(560 580 760 740)
4(579 759 760 580)
4(561 581 761 741)
4(580 760 761 581)
4(562 582 762 742)
4(581 761 762 582)
4(563 583 763 743)
4(582 762 763 583)
4(564 584 764 744)
4(583 763 764 584)
4(565 585 765 745)
4(584 764 765 585)
4(566 586 766 746)
4(585 765 766 586)
4(567 587 767 747)
4(586 766 767 587)
4(568 588 768 748)
4(587 767 768 588)
4(569 589 769 749)
4(588 768 769 589)
4(570 590 770 750)
4(589 769 770 590)
4(590 770 771 591)
4(573 593 773 753)
4(592 772 773 593)
4(574 594 774 754)
4(593 773 774 594)
4(575 595 775 755)
4(594 774 775 595)
4(576 596 776 756)
4(595 775 776 596)
4(577 597 777 757)
4(596 776 777 597)
4(578 598 778 758)
4(597 777 778 598)
4(579 599 779 759)
4(598 778 779 599)
4(580 600 780 760)
4(599 779 780 600)
4(581 601 781 761)
4(600 780 781 601)
4(582 602 782 762)
4(601 781 782 602)
4(583 603 783 763)
4(602 782 783 603)
4(584 604 784 764)
4(603 783 784 604)
4(585 605 785 765)
4(604 784 785 605)
4(586 606 786 766)
4(605 785 786 606)
4(587 607 787 767)
4(606 786 787 607)
4(588 608 788 768)
4(607 787 788 608)
4(589 609 789 769)
4(608 788 789 609)
4(590 610 790 770)
4(609 789 790 610)
4(610 790 791 611)
4(193 793 1218 409)
4(792 1217 1218 793)
4(194 794 1219 410)
4(793 1218 1219 794)
4(195 795 1220 411)
4(794 1219 1220 795)
4(196 796 1221 412)
4(795 1220 1221 796)
4(197 797 1222 413)
4(796 1221 1222 797)
4(198 798 1223 414)
4(797 1222 1223 798)
4(199 799 1224 415)
4(798 1223 1224 799)
4(200 800 1225 416)
4(799 1224 1225 800)
4(201 801 1226 417)
4(800 1225 1226 801)
4(202 802 1227 418)
4(801 1226 1227 802)
4(203 803 1228 419)
4(802 1227 1228 803)
4(204 804 1229 420)
4(803 1228 1229 804)
4(205 805 1230 421)
4(804 1229 1230 805)
4(206 806 1231 422)
4(805 1230 1231 806)
4(207 807 1232 423)
4(806 1231 1232 807)
4(208 808 1233 424)
4(807 1232 1233 808)
4(209 809 1234 425)
4(808 1233 1234 809)
4(210 810 1235 426)
4(809 1234 1235 810)
4(211 811 1236 427)
4(810 1235 1236 811)
4(212 812 1237 428)
4(811 1236 1237 812)
4(213 813 1238 429)
4(812 1237 1238 813)
4(214 814 1239 430)
4(813 1238 1239 814)
4(814 1239 1240 815)
4(215 815 1240 431)
4(793 817 1242 1218)
4(816 1241 1242 817)
4(794 818 1243 1219)
4(817 1242 1243 818)
4(795 819 1244 1220)
4(818 1243 1244 819)
4(796 820 1245 1221)
4(819 1244 1245 820)
4(797 821 1246 1222)
4(820 1245 1246 821)
4(798 822 1247 1223)
4(821 1246 1247 822)
4(799 823 1248 1224)
4(822 1247 1248 823)
4(800 824 1249 1225)
4(823 1248 1249 824)
4(801 825 1250 1226)
4(824 1249 1250 825)
4(802 826 1251 1227)
4(825 1250 1251 826)
4(803 827 1252 1228)
4(826 1251 1252 827)
4(804 828 1253 1229)
4(827 1252 1253 828)
4(805 829 1254 1230)
4(828 1253 1254 829)
4(806 830 1255 1231)
4(829 1254 1255 830)
4(807 831 1256 1232)
4(830 1255 1256 831)
4(808 832 1257 1233)
4(831 1256 1257 832)
4(809 833 1258 1234)
4(832 1257 1258 833)
4(810 834 1259 1235)
4(833 1258 1259 834)
4(811 835 1260 1236)
4(834 1259 1260 835)
4(812 836 1261 1237)
4(835 1260 1261 836)
4(813 837 1262 1238)
4(836 1261 1262 837)
4(814 838 1263 1239)
4(837 1262 1263 838)
4(838 1263 1264 839)
4(815 839 1264 1240)
4(817 841 1266 1242)
4(840 1265 1266 841)
4(818 842 1267 1243)
4(841 1266 1267 842)
4(819 843 1268 1244)
4(842 1267 1268 843)
4(820 844 1269 1245)
4(843 1268 1269 844)
4(821 845 1270 1246)
4(844 1269 1270 845)
4(822 846 1271 1247)
4(845 1270 1271 846)
4(823 847 1272 1248)
4(846 1271 1272 847)
4(824 848 1273 1249)
4(847 1272 1273 848)
4(825 849 1274 1250)
4(848 1273 1274 849)
4(826 850 1275 1251)
4(849 1274 1275 850)
4(827 851 1276 1252)
4(850 1275 1276 851)
4(828 852 1277 1253)
4(851 1276 1277 852)
4(829 853 1278 1254)
4(852 1277 1278 853)
4(830 854 1279 1255)
4(853 1278 1279 854)
4(831 855 1280 1256)
4(854 1279 1280 855)
4(832 856 1281 1257)
4(855 1280 1281 856)
4(833 857 1282 1258)
4(856 1281 1282 857)
4(834 858 1283 1259)
4(857 1282 1283 858)
4(835 859 1284 1260)
4(858 1283 1284 859)
4(836 860 1285 1261)
4(859 1284 1285 860)
4(837 861 1286 1262)
4(860 1285 1286 861)
4(838 862 1287 1263)
4(861 1286 1287 862)
4(862 1287 1288 863)
4(839 863 1288 1264)
4(841 865 1290 1266)
4(864 1289 1290 865)
4(842 866 1291 1267)
4(865 1290 1291 866)
4(843 867 1292 1268)
4(866 1291 1292 867)
4(844 868 1293 1269)
4(867 1292 1293 868)
4(845 869 1294 1270)
4(868 1293 1294 869)
4(846 870 1295 1271)
4(869 1294 1295 870)
4(847 871 1296 1272)
4(870 1295 1296 871)
4(848 872 1297 1273)
4(871 1296 1297 872)
4(849 873 1298 1274)
4(872 1297 1298 873)
4(850 874 1299 1275)
4(873 1298 1299 874)
4(851 875 1300 1276)
4(874 1299 1300 875)
4(852 876 1301 1277)
4(875 1300 1301 876)
4(853 877 1302 1278)
4(876 1301 1302 877)
4(854 878 1303 1279)
4(877 1302 1303 878)
4(855 879 1304 1280)
4(878 1303 1304 879)
4(856 880 1305 1281)
4(879 1304 1305 880)
4(857 881 1306 1282)
4(880 1305 1306 881)
4(858 882 1307 1283)
4(881 1306 1307 882)
4(859 883 1308 1284)
4(882 1307 1308 883)
4(860 884 1309 1285)
4(883 1308 1309 884)
4(861 885 1310 1286)
4(884 1309 1310 885)
4(862 886 1311 1287)
4(885 1310 1311 886)
4(886 1311 1312 887)
4(863 887 1312 1288)
4(865 889 1314 1290)
4(888 1313 1314 889)
4(866 890 1315 1291)
4(889 1314 1315 890)
4(867 891 1316 1292)
4(890 1315 1316 891)
4(868 892 1317 1293)
4(891 1316 1317 892)
4(869 893 1318 1294)
4(892 1317 1318 893)
4(870 894 1319 1295)
4(893 1318 1319 894)
4(871 895 1320 1296)
4(894 1319 1320 895)
4(872 896 1321 1297)
4(895 1320 1321 896)
4(873 897 1322 1298)
4(896 1321 1322 897)
4(874 898 1323 1299)
4(897 1322 1323 898)
4(875 899 1324 1300)
4(898 1323 1324 899)
4(876 900 1325 1301)
4(899 1324 1325 900)
4(877 901 1326 1302)
4(900 1325 1326 901)
4(878 902 1327 1303)
4(901 1326 1327 902)
4(879 903 1328 1304)
4(902 1327 1328 903)
4(880 904 1329 1305)
4(903 1328 1329 904)
4(881 905 1330 1306)
4(904 1329 1330 905)
4(882 906 1331 1307)
4(905 1330 1331 906)
4(883 907 1332 1308)
4(906 1331 1332 907)
4(884 908 1333 1309)
4(907 1332 1333 908)
4(885 909 1334 1310)
4(908 1333 1334 909)
4(886 910 1335 1311)
4(909 1334 1335 910)
4(910 1335 1336 911)
4(887 911 1336 1312)
4(889 913 1338 1314)
4(912 1337 1338 913)
4(890 914 1339 1315)
4(913 1338 1339 914)
4(891 915 1340 1316)
4(914 1339 1340 915)
4(892 916 1341 1317)
4(915 1340 1341 916)
4(893 917 1342 1318)
4(916 1341 1342 917)
4(894 918 1343 1319)
4(917 1342 1343 918)
4(895 919 1344 1320)
4(918 1343 1344 919)
4(896 920 1345 1321)
4(919 1344 1345 920)
4(897 921 1346 1322)
4(920 1345 1346 921)
4(898 922 1347 1323)
4(921 1346 1347 922)
4(899 923 1348 1324)
4(922 1347 1348 923)
4(900 924 1349 1325)
4(923 1348 1349 924)
4(901 925 1350 1326)
4(924 1349 1350 925)
4(902 926 1351 1327)
4(925 1350 1351 926)
4(903 927 1352 1328)
4(926 1351 1352 927)
4(904 928 1353 1329)
4(927 1352 1353 928)
4(905 929 1354 1330)
4(928 1353 1354 929)
4(906 930 1355 1331)
4(929 1354 1355 930)
4(907 931 1356 1332)
4(930 1355 1356 931)
4(908 932 1357 1333)
4(931 1356 1357 932)
4(909 933 1358 1334)
4(932 1357 1358 933)
4(910 934 1359 1335)
4(933 1358 1359 934)
4(934 1359 1360 935)
4(911 935 1360 1336)
4(913 937 1362 1338)
4(936 1361 1362 937)
4(914 938 1363 1339)
4(937 1362 1363 938)
4(915 939 1364 1340)
4(938 1363 1364 939)
4(916 940 1365 1341)
4(939 1364 1365 940)
4(917 941 1366 1342)
4(940 1365 1366 941)
4(918 942 1367 1343)
4(941 1366 1367 942)
4(919 943 1368 1344)
4(942 1367 1368 943)
4(920 944 1369 1345)
4(943 1368 1369 944)
4(921 945 1370 1346)
4(944 1369 1370 945)
4(922 946 1371 1347)
4(945 1370 1371 946)
4(923 947 1372 1348)
4(946 1371 1372 947)
4(924 948 1373 1349)
4(947 1372 1373 948)
4(925 949 1374 1350)
4(948 1373 1374 949)
4(926 950 1375 1351)
4(949 1374 1375 950)
4(927 951 1376 1352)
4(950 1375 1376 951)
4(928 952 1377 1353)
4(951 1376 1377 952)
4(929 953 1378 1354)
4(952 1377 1378 953)
4(930 954 1379 1355)
4(953 1378 1379 954)
4(931 955 1380 1356)
4(954 1379 1380 955)
4(932 956 1381 1357)
4(955 1380 1381 956)
4(933 957 1382 1358)
4(956 1381 1382 957)
4(934 958 1383 1359)
4(957 1382 1383 958)
4(958 1383 1384 959)
4(935 959 1384 1360)
4(937 961 1386 1362)
4(960 1385 1386 961)
4(938 962 1387 1363)
4(961 1386 1387 962)
4(939 963 1388 1364)
4(962 1387 1388 963)
4(940 964 1389 1365)
4(963 1388 1389 964)
4(941 965 1390 1366)
4(964 1389 1390 965)
4(942 966 1391 1367)
4(965 1390 1391 966)
4(943 967 1392 1368)
4(966 1391 1392 967)
4(944 968 1393 1369)
4(967 1392 1393 968)
4(945 969 1394 1370)
4(968 1393 1394 969)
4(946 970 1395 1371)
4(969 1394 1395 970)
4(947 971 1396 1372)
4(970 1395 1396 971)
4(948 972 1397 1373)
4(971 1396 1397 972)
4(949 973 1398 1374)
4(972 1397 1398 973)
4(950 974 1399 1375)
4(973 1398 1399 974)
4(951 975 1400 1376)
4(974 1399 1400 975)
4(952 976 1401 1377)
4(975 1400 1401 976)
4(953 977 1402 1378)
4(976 1401 1402 977)
4(954 978 1403 1379)
4(977 1402 1403 978)
4(955 979 1404 1380)
4(978 1403 1404 979)
4(956 980 1405 1381)
4(979 1404 1405 980)
4(957 981 1406 1382)
4(980 1405 1406 981)
4(958 982 1407 1383)
4(981 1406 1407 982)
4(982 1407 1408 983)
4(959 983 1408 1384)
4(961 985 1410 1386)
4(984 1409 1410 985)
4(962 986 1411 1387)
4(985 1410 1411 986)
4(963 987 1412 1388)
4(986 1411 1412 987)
4(964 988 1413 1389)
4(987 1412 1413 988)
4(965 989 1414 1390)
4(988 1413 1414 989)
4(966 990 1415 1391)
4(989 1414 1415 990)
4(967 991 1416 1392)
4(990 1415 1416 991)
4(968 992 1417 1393)
4(991 1416 1417 992)
4(969 993 1418 1394)
4(992 1417 1418 993)
4(970 994 1419 1395)
4(993 1418 1419 994)
4(971 995 1420 1396)
4(994 1419 1420 995)
4(972 996 1421 1397)
4(995 1420 1421 996)
4(973 997 1422 1398)
4(996 1421 1422 997)
4(974 998 1423 1399)
4(997 1422 1423 998)
4(975 999 1424 1400)
4(998 1423 1424 999)
4(976 1000 1425 1401)
4(999 1424 1425 1000)
4(977 1001 1426 1402)
4(1000 1425 1426 1001)
4(978 1002 1427 1403)
4(1001 1426 1427 1002)
4(979 1003 1428 1404)
4(1002 1427 1428 1003)
4(980 1004 1429 1405)
4(1003 1428 1429 1004)
4(981 1005 1430 1406)
4(1004 1429 1430 1005)
4(982 1006 1431 1407)
4(1005 1430 1431 1006)
4(1006 1431 1432 1007)
4(983 1007 1432 1408)
4(985 1009 1434 1410)
4(1008 1433 1434 1009)
4(986 1010 1435 1411)
4(1009 1434 1435 1010)
4(987 1011 1436 1412)
4(1010 1435 1436 1011)
4(988 1012 1437 1413)
4(1011 1436 1437 1012)
4(989 1013 1438 1414)
4(1012 1437 1438 1013)
4(990 1014 1439 1415)
4(1013 1438 1439 1014)
4(991 1015 1440 1416)
4(1014 1439 1440 1015)
4(992 1016 1441 1417)
4(1015 1440 1441 1016)
4(993 1017 1442 1418)
4(1016 1441 1442 1017)
4(994 1018 1443 1419)
4(1017 1442 1443 1018)
4(995 1019 1444 1420)
4(1018 1443 1444 1019)
4(996 1020 1445 1421)
4(1019 1444 1445 1020)
4(997 1021 1446 1422)
4(1020 1445 1446 1021)
4(998 1022 1447 1423)
4(1021 1446 1447 1022)
4(999 1023 1448 1424)
4(1022 1447 1448 1023)
4(1000 1024 1449 1425)
4(1023 1448 1449 1024)
4(1001 1025 1450 1426)
4(1024 1449 1450 1025)
4(1002 1026 1451 1427)
4(1025 1450 1451 1026)
4(1003 1027 1452 1428)
4(1026 1451 1452 1027)
4(1004 1028 1453 1429)
4(1027 1452 1453 1028)
4(1005 1029 1454 1430)
4(1028 1453 1454 1029)
4(1006 1030 1455 1431)
4(1029 1454 1455 1030)
4(1030 1455 1456 1031)
4(1007 1031 1456 1432)
4(1009 1033 1458 1434)
4(1032 1457 1458 1033)
4(1010 1034 1459 1435)
4(1033 1458 1459 1034)
4(1011 1035 1460 1436)
4(1034 1459 1460 1035)
4(1012 1036 1461 1437)
4(1035 1460 1461 1036)
4(1013 1037 1462 1438)
4(1036 1461 1462 1037)
4(1014 1038 1463 1439)
4(1037 1462 1463 1038)
4(1015 1039 1464 1440)
4(1038 1463 1464 1039)
4(1016 1040 1465 1441)
4(1039 1464 1465 1040)
4(1017 1041 1466 1442)
4(1040 1465 1466 1041)
4(1018 1042 1467 1443)
4(1041 1466 1467 1042)
4(1019 1043 1468 1444)
4(1042 1467 1468 1043)
4(1020 1044 1469 1445)
4(1043 1468 1469 1044)
4(1021 1045 1470 1446)
4(1044 1469 1470 1045)
4(1022 1046 1471 1447)
4(1045 1470 1471 1046)
4(1023 1047 1472 1448)
4(1046 1471 1472 1047)
4(1024 1048 1473 1449)
4(1047 1472 1473 1048)
4(1025 1049 1474 1450)
4(1048 1473 1474 1049)
4(1026 1050 1475 1451)
4(1049 1474 1475 1050)
4(1027 1051 1476 1452)
4(1050 1475 1476 1051)
4(1028 1052 1477 1453)
4(1051 1476 1477 1052)
4(1029 1053 1478 1454)
4(1052 1477 1478 1053)
4(1030 1054 1479 1455)
4(1053 1478 1479 1054)
4(1054 1479 1480 1055)
4(1031 1055 1480 1456)
4(1033 1057 1482 1458)
4(1056 1481 1482 1057)
4(1034 1058 1483 1459)
4(1057 1482 1483 1058)
4(1035 1059 1484 1460)
4(1058 1483 1484 1059)
4(1036 1060 1485 1461)
4(1059 1484 1485 1060)
4(1037 1061 1486 1462)
4(1060 1485 1486 1061)
4(1038 1062 1487 1463)
4(1061 1486 1487 1062)
4(1039 1063 1488 1464)
4(1062 1487 1488 1063)
4(1040 1064 1489 1465)
4(1063 1488 1489 1064)
4(1041 1065 1490 1466)
4(1064 1489 1490 1065)
4(1042 1066 1491 1467)
4(1065 1490 1491 1066)
4(1043 1067 1492 1468)
4(1066 1491 1492 1067)
4(1044 1068 1493 1469)
4(1067 1492 1493 1068)
4(1045 1069 1494 1470)
4(1068 1493 1494 1069)
4(1046 1070 1495 1471)
4(1069 1494 1495 1070)
4(1047 1071 1496 1472)
4(1070 1495 1496 1071)
4(1048 1072 1497 1473)
4(1071 1496 1497 1072)
4(1049 1073 1498 1474)
4(1072 1497 1498 1073)
4(1050 1074 1499 1475)
4(1073 1498 1499 1074)
4(1051 1075 1500 1476)
4(1074 1499 1500 1075)
4(1052 1076 1501 1477)
4(1075 1500 1501 1076)
4(1053 1077 1502 1478)
4(1076 1501 1502 1077)
4(1054 1078 1503 1479)
4(1077 1502 1503 1078)
4(1078 1503 1504 1079)
4(1055 1079 1504 1480)
4(1057 1081 1506 1482)
4(1080 1505 1506 1081)
4(1058 1082 1507 1483)
4(1081 1506 1507 1082)
4(1059 1083 1508 1484)
4(1082 1507 1508 1083)
4(1060 1084 1509 1485)
4(1083 1508 1509 1084)
4(1061 1085 1510 1486)
4(1084 1509 1510 1085)
4(1062 1086 1511 1487)
4(1085 1510 1511 1086)
4(1063 1087 1512 1488)
4(1086 1511 1512 1087)
4(1064 1088 1513 1489)
4(1087 1512 1513 1088)
4(1065 1089 1514 1490)
4(1088 1513 1514 1089)
4(1066 1090 1515 1491)
4(1089 1514 1515 1090)
4(1067 1091 1516 1492)
4(1090 1515 1516 1091)
4(1068 1092 1517 1493)
4(1091 1516 1517 1092)
4(1069 1093 1518 1494)
4(1092 1517 1518 1093)
4(1070 1094 1519 1495)
4(1093 1518 1519 1094)
4(1071 1095 1520 1496)
4(1094 1519 1520 1095)
4(1072 1096 1521 1497)
4(1095 1520 1521 1096)
4(1073 1097 1522 1498)
4(1096 1521 1522 1097)
4(1074 1098 1523 1499)
4(1097 1522 1523 1098)
4(1075 1099 1524 1500)
4(1098 1523 1524 1099)
4(1076 1100 1525 1501)
4(1099 1524 1525 1100)
4(1077 1101 1526 1502)
4(1100 1525 1526 1101)
4(1078 1102 1527 1503)
4(1101 1526 1527 1102)
4(1102 1527 1528 1103)
4(1079 1103 1528 1504)
4(1081 1105 1530 1506)
4(1104 1529 1530 1105)
4(1082 1106 1531 1507)
4(1105 1530 1531 1106)
4(1083 1107 1532 1508)
4(1106 1531 1532 1107)
4(1084 1108 1533 1509)
4(1107 1532 1533 1108)
4(1085 1109 1534 1510)
4(1108 1533 1534 1109)
4(1086 1110 1535 1511)
4(1109 1534 1535 1110)
4(1087 1111 1536 1512)
4(1110 1535 1536 1111)
4(1088 1112 1537 1513)
4(1111 1536 1537 1112)
4(1089 1113 1538 1514)
4(1112 1537 1538 1113)
4(1090 1114 1539 1515)
4(1113 1538 1539 1114)
4(1091 1115 1540 1516)
4(1114 1539 1540 1115)
4(1092 1116 1541 1517)
4(1115 1540 1541 1116)
4(1093 1117 1542 1518)
4(1116 1541 1542 1117)
4(1094 1118 1543 1519)
4(1117 1542 1543 1118)
4(1095 1119 1544 1520)
4(1118 1543 1544 1119)
4(1096 1120 1545 1521)
4(1119 1544 1545 1120)
4(1097 1121 1546 1522)
4(1120 1545 1546 1121)
4(1098 1122 1547 1523)
4(1121 1546 1547 1122)
4(1099 1123 1548 1524)
4(1122 1547 1548 1123)
4(1100 1124 1549 1525)
4(1123 1548 1549 1124)
4(1101 1125 1550 1526)
4(1124 1549 1550 1125)
4(1102 1126 1551 1527)
4(1125 1550 1551 1126)
4(1126 1551 1552 1127)
4(1103 1127 1552 1528)
4(1105 1129 1554 1530)
4(1128 1553 1554 1129)
4(1106 1130 1555 1531)
4(1129 1554 1555 1130)
4(1107 1131 1556 1532)
4(1130 1555 1556 1131)
4(1108 1132 1557 1533)
4(1131 1556 1557 1132)
4(1109 1133 1558 1534)
4(1132 1557 1558 1133)
4(1110 1134 1559 1535)
4(1133 1558 1559 1134)
4(1111 1135 1560 1536)
4(1134 1559 1560 1135)
4(1112 1136 1561 1537)
4(1135 1560 1561 1136)
4(1113 1137 1562 1538)
4(1136 1561 1562 1137)
4(1114 1138 1563 1539)
4(1137 1562 1563 1138)
4(1115 1139 1564 1540)
4(1138 1563 1564 1139)
4(1116 1140 1565 1541)
4(1139 1564 1565 1140)
4(1117 1141 1566 1542)
4(1140 1565 1566 1141)
4(1118 1142 1567 1543)
4(1141 1566 1567 1142)
4(1119 1143 1568 1544)
4(1142 1567 1568 1143)
4(1120 1144 1569 1545)
4(1143 1568 1569 1144)
4(1121 1145 1570 1546)
4(1144 1569 1570 1145)
4(1122 1146 1571 1547)
4(1145 1570 1571 1146)
4(1123 1147 1572 1548)
4(1146 1571 1572 1147)
4(1124 1148 1573 1549)
4(1147 1572 1573 1148)
4(1125 1149 1574 1550)
4(1148 1573 1574 1149)
4(1126 1150 1575 1551)
4(1149 1574 1575 1150)
4(1150 1575 1576 1151)
4(1127 1151 1576 1552)
4(1129 1153 1578 1554)
4(1152 1577 1578 1153)
4(1130 1154 1579 1555)
4(1153 1578 1579 1154)
4(1131 1155 1580 1556)
4(1154 1579 1580 1155)
4(1132 1156 1581 1557)
4(1155 1580 1581 1156)
4(1133 1157 1582 1558)
4(1156 1581 1582 1157)
4(1134 1158 1583 1559)
4(1157 1582 1583 1158)
4(1135 1159 1584 1560)
4(1158 1583 1584 1159)
4(1136 1160 1585 1561)
4(1159 1584 1585 1160)
4(1137 1161 1586 1562)
4(1160 1585 1586 1161)
4(1138 1162 1587 1563)
4(1161 1586 1587 1162)
4(1139 1163 1588 1564)
4(1162 1587 1588 1163)
4(1140 1164 1589 1565)
4(1163 1588 1589 1164)
4(1141 1165 1590 1566)
4(1164 1589 1590 1165)
4(1142 1166 1591 1567)
4(1165 1590 1591 1166)
4(1143 1167 1592 1568)
4(1166 1591 1592 1167)
4(1144 1168 1593 1569)
4(1167 1592 1593 1168)
4(1145 1169 1594 1570)
4(1168 1593 1594 1169)
4(1146 1170 1595 1571)
4(1169 1594 1595 1170)
4(1147 1171 1596 1572)
4(1170 1595 1596 1171)
4(1148 1172 1597 1573)
4(1171 1596 1597 1172)
4(1149 1173 1598 1574)
4(1172 1597 1598 1173)
4(1150 1174 1599 1575)
4(1173 1598 1599 1174)
4(1174 1599 1600 1175)
4(1151 1175 1600 1576)
4(1153 1177 1602 1578)
4(1176 1601 1602 1177)
4(1154 1178 1603 1579)
4(1177 1602 1603 1178)
4(1155 1179 1604 1580)
4(1178 1603 1604 1179)
4(1156 1180 1605 1581)
4(1179 1604 1605 1180)
4(1157 1181 1606 1582)
4(1180 1605 1606 1181)
4(1158 1182 1607 1583)
4(1181 1606 1607 1182)
4(1159 1183 1608 1584)
4(1182 1607 1608 1183)
4(1160 1184 1609 1585)
4(1183 1608 1609 1184)
4(1161 1185 1610 1586)
4(1184 1609 1610 1185)
4(1162 1186 1611 1587)
4(1185 1610 1611 1186)
4(1163 1187 1612 1588)
4(1186 1611 1612 1187)
4(1164 1188 1613 1589)
4(1187 1612 1613 1188)
4(1165 1189 1614 1590)
4(1188 1613 1614 1189)
4(1166 1190 1615 1591)
4(1189 1614 1615 1190)
4(1167 1191 1616 1592)
4(1190 1615 1616 1191)
4(1168 1192 1617 1593)
4(1191 1616 1617 1192)
4(1169 1193 1618 1594)
4(1170 1194 1619 1595)
4(1171 1195 1620 1596)
4(1172 1196 1621 1597)
4(1173 1197 1622 1598)
4(1174 1198 1623 1599)
4(1175 1199 1624 1600)
4(1177 1201 1626 1602)
4(1178 1202 1627 1603)
4(1179 1203 1628 1604)
4(1180 1204 1629 1605)
4(1181 1205 1630 1606)
4(1182 1206 1631 1607)
4(1183 1207 1632 1608)
4(1184 1208 1633 1609)
4(1185 1209 1634 1610)
4(1186 1210 1635 1611)
4(1187 1211 1636 1612)
4(1188 1212 1637 1613)
4(1189 1213 1638 1614)
4(1190 1214 1639 1615)
4(1191 1215 1640 1616)
4(1642 1645 1716 1713)
4(815 1240 1716 1645)
4(1643 1646 1717 1714)
4(1645 1716 1717 1646)
4(1644 1647 1718 1715)
4(1646 1717 1718 1647)
4(1647 1718 1719 1648)
4(592 1648 1719 772)
4(1645 1649 1720 1716)
4(839 1264 1720 1649)
4(1646 1650 1721 1717)
4(1649 1720 1721 1650)
4(1647 1651 1722 1718)
4(1650 1721 1722 1651)
4(1651 1722 1723 1652)
4(1648 1652 1723 1719)
4(1649 1653 1724 1720)
4(863 1288 1724 1653)
4(1650 1654 1725 1721)
4(1653 1724 1725 1654)
4(1651 1655 1726 1722)
4(1654 1725 1726 1655)
4(1655 1726 1727 1656)
4(1652 1656 1727 1723)
4(1653 1657 1728 1724)
4(887 1312 1728 1657)
4(1654 1658 1729 1725)
4(1657 1728 1729 1658)
4(1655 1659 1730 1726)
4(1658 1729 1730 1659)
4(1659 1730 1731 1660)
4(1656 1660 1731 1727)
4(1657 1661 1732 1728)
4(911 1336 1732 1661)
4(1658 1662 1733 1729)
4(1661 1732 1733 1662)
4(1659 1663 1734 1730)
4(1662 1733 1734 1663)
4(1663 1734 1735 1664)
4(1660 1664 1735 1731)
4(1661 1665 1736 1732)
4(935 1360 1736 1665)
4(1662 1666 1737 1733)
4(1665 1736 1737 1666)
4(1663 1667 1738 1734)
4(1666 1737 1738 1667)
4(1667 1738 1739 1668)
4(1664 1668 1739 1735)
4(1665 1669 1740 1736)
4(959 1384 1740 1669)
4(1666 1670 1741 1737)
4(1669 1740 1741 1670)
4(1667 1671 1742 1738)
4(1670 1741 1742 1671)
4(1671 1742 1743 1672)
4(1668 1672 1743 1739)
4(1669 1673 1744 1740)
4(983 1408 1744 1673)
4(1670 1674 1745 1741)
4(1673 1744 1745 1674)
4(1671 1675 1746 1742)
4(1674 1745 1746 1675)
4(1675 1746 1747 1676)
4(1672 1676 1747 1743)
4(1673 1677 1748 1744)
4(1007 1432 1748 1677)
4(1674 1678 1749 1745)
4(1677 1748 1749 1678)
4(1675 1679 1750 1746)
4(1678 1749 1750 1679)
4(1679 1750 1751 1680)
4(1676 1680 1751 1747)
4(1677 1681 1752 1748)
4(1031 1456 1752 1681)
4(1678 1682 1753 1749)
4(1681 1752 1753 1682)
4(1679 1683 1754 1750)
4(1682 1753 1754 1683)
4(1683 1754 1755 1684)
4(1680 1684 1755 1751)
4(1681 1685 1756 1752)
4(1055 1480 1756 1685)
4(1682 1686 1757 1753)
4(1685 1756 1757 1686)
4(1683 1687 1758 1754)
4(1686 1757 1758 1687)
4(1687 1758 1759 1688)
4(1684 1688 1759 1755)
4(1685 1689 1760 1756)
4(1079 1504 1760 1689)
4(1686 1690 1761 1757)
4(1689 1760 1761 1690)
4(1687 1691 1762 1758)
4(1690 1761 1762 1691)
4(1691 1762 1763 1692)
4(1688 1692 1763 1759)
4(1689 1693 1764 1760)
4(1103 1528 1764 1693)
4(1690 1694 1765 1761)
4(1693 1764 1765 1694)
4(1691 1695 1766 1762)
4(1694 1765 1766 1695)
4(1695 1766 1767 1696)
4(1692 1696 1767 1763)
4(1693 1697 1768 1764)
4(1127 1552 1768 1697)
4(1694 1698 1769 1765)
4(1697 1768 1769 1698)
4(1695 1699 1770 1766)
4(1698 1769 1770 1699)
4(1699 1770 1771 1700)
4(1696 1700 1771 1767)
4(1697 1701 1772 1768)
4(1151 1576 1772 1701)
4(1698 1702 1773 1769)
4(1701 1772 1773 1702)
4(1699 1703 1774 1770)
4(1702 1773 1774 1703)
4(1703 1774 1775 1704)
4(1700 1704 1775 1771)
4(1701 1705 1776 1772)
4(1175 1600 1776 1705)
4(1702 1706 1777 1773)
4(1705 1776 1777 1706)
4(1703 1707 1778 1774)
4(1706 1777 1778 1707)
4(1707 1778 1779 1708)
4(1704 1708 1779 1775)
4(1705 1709 1780 1776)
4(1706 1710 1781 1777)
4(1707 1711 1782 1778)
4(1708 1712 1783 1779)
4(593 1784 2107 773)
4(1648 1719 2107 1784)
4(594 1785 2108 774)
4(1784 2107 2108 1785)
4(595 1786 2109 775)
4(1785 2108 2109 1786)
4(596 1787 2110 776)
4(1786 2109 2110 1787)
4(597 1788 2111 777)
4(1787 2110 2111 1788)
4(598 1789 2112 778)
4(1788 2111 2112 1789)
4(599 1790 2113 779)
4(1789 2112 2113 1790)
4(600 1791 2114 780)
4(1790 2113 2114 1791)
4(601 1792 2115 781)
4(1791 2114 2115 1792)
4(602 1793 2116 782)
4(1792 2115 2116 1793)
4(603 1794 2117 783)
4(1793 2116 2117 1794)
4(604 1795 2118 784)
4(1794 2117 2118 1795)
4(605 1796 2119 785)
4(1795 2118 2119 1796)
4(606 1797 2120 786)
4(1796 2119 2120 1797)
4(607 1798 2121 787)
4(1797 2120 2121 1798)
4(608 1799 2122 788)
4(1798 2121 2122 1799)
4(609 1800 2123 789)
4(1799 2122 2123 1800)
4(610 1801 2124 790)
4(1800 2123 2124 1801)
4(1801 2124 2125 1802)
4(1784 1803 2126 2107)
4(1652 1723 2126 1803)
4(1785 1804 2127 2108)
4(1803 2126 2127 1804)
4(1786 1805 2128 2109)
4(1804 2127 2128 1805)
4(1787 1806 2129 2110)
4(1805 2128 2129 1806)
4(1788 1807 2130 2111)
4(1806 2129 2130 1807)
4(1789 1808 2131 2112)
4(1807 2130 2131 1808)
4(1790 1809 2132 2113)
4(1808 2131 2132 1809)
4(1791 1810 2133 2114)
4(1809 2132 2133 1810)
4(1792 1811 2134 2115)
4(1810 2133 2134 1811)
4(1793 1812 2135 2116)
4(1811 2134 2135 1812)
4(1794 1813 2136 2117)
4(1812 2135 2136 1813)
4(1795 1814 2137 2118)
4(1813 2136 2137 1814)
4(1796 1815 2138 2119)
4(1814 2137 2138 1815)
4(1797 1816 2139 2120)
4(1815 2138 2139 1816)
4(1798 1817 2140 2121)
4(1816 2139 2140 1817)
4(1799 1818 2141 2122)
4(1817 2140 2141 1818)
4(1800 1819 2142 2123)
4(1818 2141 2142 1819)
4(1801 1820 2143 2124)
4(1819 2142 2143 1820)
4(1820 2143 2144 1821)
4(1803 1822 2145 2126)
4(1656 1727 2145 1822)
4(1804 1823 2146 2127)
4(1822 2145 2146 1823)
4(1805 1824 2147 2128)
4(1823 2146 2147 1824)
4(1806 1825 2148 2129)
4(1824 2147 2148 1825)
4(1807 1826 2149 2130)
4(1825 2148 2149 1826)
4(1808 1827 2150 2131)
4(1826 2149 2150 1827)
4(1809 1828 2151 2132)
4(1827 2150 2151 1828)
4(1810 1829 2152 2133)
4(1828 2151 2152 1829)
4(1811 1830 2153 2134)
4(1829 2152 2153 1830)
4(1812 1831 2154 2135)
4(1830 2153 2154 1831)
4(1813 1832 2155 2136)
4(1831 2154 2155 1832)
4(1814 1833 2156 2137)
4(1832 2155 2156 1833)
4(1815 1834 2157 2138)
4(1833 2156 2157 1834)
4(1816 1835 2158 2139)
4(1834 2157 2158 1835)
4(1817 1836 2159 2140)
4(1835 2158 2159 1836)
4(1818 1837 2160 2141)
4(1836 2159 2160 1837)
4(1819 1838 2161 2142)
4(1837 2160 2161 1838)
4(1820 1839 2162 2143)
4(1838 2161 2162 1839)
4(1839 2162 2163 1840)
4(1822 1841 2164 2145)
4(1660 1731 2164 1841)
4(1823 1842 2165 2146)
4(1841 2164 2165 1842)
4(1824 1843 2166 2147)
4(1842 2165 2166 1843)
4(1825 1844 2167 2148)
4(1843 2166 2167 1844)
4(1826 1845 2168 2149)
4(1844 2167 2168 1845)
4(1827 1846 2169 2150)
4(1845 2168 2169 1846)
4(1828 1847 2170 2151)
4(1846 2169 2170 1847)
4(1829 1848 2171 2152)
4(1847 2170 2171 1848)
4(1830 1849 2172 2153)
4(1848 2171 2172 1849)
4(1831 1850 2173 2154)
4(1849 2172 2173 1850)
4(1832 1851 2174 2155)
4(1850 2173 2174 1851)
4(1833 1852 2175 2156)
4(1851 2174 2175 1852)
4(1834 1853 2176 2157)
4(1852 2175 2176 1853)
4(1835 1854 2177 2158)
4(1853 2176 2177 1854)
4(1836 1855 2178 2159)
4(1854 2177 2178 1855)
4(1837 1856 2179 2160)
4(1855 2178 2179 1856)
4(1838 1857 2180 2161)
4(1856 2179 2180 1857)
4(1839 1858 2181 2162)
4(1857 2180 2181 1858)
4(1858 2181 2182 1859)
4(1841 1860 2183 2164)
4(1664 1735 2183 1860)
4(1842 1861 2184 2165)
4(1860 2183 2184 1861)
4(1843 1862 2185 2166)
4(1861 2184 2185 1862)
4(1844 1863 2186 2167)
4(1862 2185 2186 1863)
4(1845 1864 2187 2168)
4(1863 2186 2187 1864)
4(1846 1865 2188 2169)
4(1864 2187 2188 1865)
4(1847 1866 2189 2170)
4(1865 2188 2189 1866)
4(1848 1867 2190 2171)
4(1866 2189 2190 1867)
4(1849 1868 2191 2172)
4(1867 2190 2191 1868)
4(1850 1869 2192 2173)
4(1868 2191 2192 1869)
4(1851 1870 2193 2174)
4(1869 2192 2193 1870)
4(1852 1871 2194 2175)
4(1870 2193 2194 1871)
4(1853 1872 2195 2176)
4(1871 2194 2195 1872)
4(1854 1873 2196 2177)
4(1872 2195 2196 1873)
4(1855 1874 2197 2178)
4(1873 2196 2197 1874)
4(1856 1875 2198 2179)
4(1874 2197 2198 1875)
4(1857 1876 2199 2180)
4(1875 2198 2199 1876)
4(1858 1877 2200 2181)
4(1876 2199 2200 1877)
4(1877 2200 2201 1878)
4(1860 1879 2202 2183)
4(1668 1739 2202 1879)
4(1861 1880 2203 2184)
4(1879 2202 2203 1880)
4(1862 1881 2204 2185)
4(1880 2203 2204 1881)
4(1863 1882 2205 2186)
4(1881 2204 2205 1882)
4(1864 1883 2206 2187)
4(1882 2205 2206 1883)
4(1865 1884 2207 2188)
4(1883 2206 2207 1884)
4(1866 1885 2208 2189)
4(1884 2207 2208 1885)
4(1867 1886 2209 2190)
4(1885 2208 2209 1886)
4(1868 1887 2210 2191)
4(1886 2209 2210 1887)
4(1869 1888 2211 2192)
4(1887 2210 2211 1888)
4(1870 1889 2212 2193)
4(1888 2211 2212 1889)
4(1871 1890 2213 2194)
4(1889 2212 2213 1890)
4(1872 1891 2214 2195)
4(1890 2213 2214 1891)
4(1873 1892 2215 2196)
4(1891 2214 2215 1892)
4(1874 1893 2216 2197)
4(1892 2215 2216 1893)
4(1875 1894 2217 2198)
4(1893 2216 2217 1894)
4(1876 1895 2218 2199)
4(1894 2217 2218 1895)
4(1877 1896 2219 2200)
4(1895 2218 2219 1896)
4(1896 2219 2220 1897)
4(1879 1898 2221 2202)
4(1672 1743 2221 1898)
4(1880 1899 2222 2203)
4(1898 2221 2222 1899)
4(1881 1900 2223 2204)
4(1899 2222 2223 1900)
4(1882 1901 2224 2205)
4(1900 2223 2224 1901)
4(1883 1902 2225 2206)
4(1901 2224 2225 1902)
4(1884 1903 2226 2207)
4(1902 2225 2226 1903)
4(1885 1904 2227 2208)
4(1903 2226 2227 1904)
4(1886 1905 2228 2209)
4(1904 2227 2228 1905)
4(1887 1906 2229 2210)
4(1905 2228 2229 1906)
4(1888 1907 2230 2211)
4(1906 2229 2230 1907)
4(1889 1908 2231 2212)
4(1907 2230 2231 1908)
4(1890 1909 2232 2213)
4(1908 2231 2232 1909)
4(1891 1910 2233 2214)
4(1909 2232 2233 1910)
4(1892 1911 2234 2215)
4(1910 2233 2234 1911)
4(1893 1912 2235 2216)
4(1911 2234 2235 1912)
4(1894 1913 2236 2217)
4(1912 2235 2236 1913)
4(1895 1914 2237 2218)
4(1913 2236 2237 1914)
4(1896 1915 2238 2219)
4(1914 2237 2238 1915)
4(1915 2238 2239 1916)
4(1898 1917 2240 2221)
4(1676 1747 2240 1917)
4(1899 1918 2241 2222)
4(1917 2240 2241 1918)
4(1900 1919 2242 2223)
4(1918 2241 2242 1919)
4(1901 1920 2243 2224)
4(1919 2242 2243 1920)
4(1902 1921 2244 2225)
4(1920 2243 2244 1921)
4(1903 1922 2245 2226)
4(1921 2244 2245 1922)
4(1904 1923 2246 2227)
4(1922 2245 2246 1923)
4(1905 1924 2247 2228)
4(1923 2246 2247 1924)
4(1906 1925 2248 2229)
4(1924 2247 2248 1925)
4(1907 1926 2249 2230)
4(1925 2248 2249 1926)
4(1908 1927 2250 2231)
4(1926 2249 2250 1927)
4(1909 1928 2251 2232)
4(1927 2250 2251 1928)
4(1910 1929 2252 2233)
4(1928 2251 2252 1929)
4(1911 1930 2253 2234)
4(1929 2252 2253 1930)
4(1912 1931 2254 2235)
4(1930 2253 2254 1931)
4(1913 1932 2255 2236)
4(1931 2254 2255 1932)
4(1914 1933 2256 2237)
4(1932 2255 2256 1933)
4(1915 1934 2257 2238)
4(1933 2256 2257 1934)
4(1934 2257 2258 1935)
4(1917 1936 2259 2240)
4(1680 1751 2259 1936)
4(1918 1937 2260 2241)
4(1936 2259 2260 1937)
4(1919 1938 2261 2242)
4(1937 2260 2261 1938)
4(1920 1939 2262 2243)
4(1938 2261 2262 1939)
4(1921 1940 2263 2244)
4(1939 2262 2263 1940)
4(1922 1941 2264 2245)
4(1940 2263 2264 1941)
4(1923 1942 2265 2246)
4(1941 2264 2265 1942)
4(1924 1943 2266 2247)
4(1942 2265 2266 1943)
4(1925 1944 2267 2248)
4(1943 2266 2267 1944)
4(1926 1945 2268 2249)
4(1944 2267 2268 1945)
4(1927 1946 2269 2250)
4(1945 2268 2269 1946)
4(1928 1947 2270 2251)
4(1946 2269 2270 1947)
4(1929 1948 2271 2252)
4(1947 2270 2271 1948)
4(1930 1949 2272 2253)
4(1948 2271 2272 1949)
4(1931 1950 2273 2254)
4(1949 2272 2273 1950)
4(1932 1951 2274 2255)
4(1950 2273 2274 1951)
4(1933 1952 2275 2256)
4(1951 2274 2275 1952)
4(1934 1953 2276 2257)
4(1952 2275 2276 1953)
4(1953 2276 2277 1954)
4(1936 1955 2278 2259)
4(1684 1755 2278 1955)
4(1937 1956 2279 2260)
4(1955 2278 2279 1956)
4(1938 1957 2280 2261)
4(1956 2279 2280 1957)
4(1939 1958 2281 2262)
4(1957 2280 2281 1958)
4(1940 1959 2282 2263)
4(1958 2281 2282 1959)
4(1941 1960 2283 2264)
4(1959 2282 2283 1960)
4(1942 1961 2284 2265)
4(1960 2283 2284 1961)
4(1943 1962 2285 2266)
4(1961 2284 2285 1962)
4(1944 1963 2286 2267)
4(1962 2285 2286 1963)
4(1945 1964 2287 2268)
4(1963 2286 2287 1964)
4(1946 1965 2288 2269)
4(1964 2287 2288 1965)
4(1947 1966 2289 2270)
4(1965 2288 2289 1966)
4(1948 1967 2290 2271)
4(1966 2289 2290 1967)
4(1949 1968 2291 2272)
4(1967 2290 2291 1968)
4(1950 1969 2292 2273)
4(1968 2291 2292 1969)
4(1951 1970 2293 2274)
4(1969 2292 2293 1970)
4(1952 1971 2294 2275)
4(1970 2293 2294 1971)
4(1953 1972 2295 2276)
4(1971 2294 2295 1972)
4(1972 2295 2296 1973)
4(1955 1974 2297 2278)
4(1688 1759 2297 1974)
4(1956 1975 2298 2279)
4(1974 2297 2298 1975)
4(1957 1976 2299 2280)
4(1975 2298 2299 1976)
4(1958 1977 2300 2281)
4(1976 2299 2300 1977)
4(1959 1978 2301 2282)
4(1977 2300 2301 1978)
4(1960 1979 2302 2283)
4(1978 2301 2302 1979)
4(1961 1980 2303 2284)
4(1979 2302 2303 1980)
4(1962 1981 2304 2285)
4(1980 2303 2304 1981)
4(1963 1982 2305 2286)
4(1981 2304 2305 1982)
4(1964 1983 2306 2287)
4(1982 2305 2306 1983)
4(1965 1984 2307 2288)
4(1983 2306 2307 1984)
4(1966 1985 2308 2289)
4(1984 2307 2308 1985)
4(1967 1986 2309 2290)
4(1985 2308 2309 1986)
4(1968 1987 2310 2291)
4(1986 2309 2310 1987)
4(1969 1988 2311 2292)
4(1987 2310 2311 1988)
4(1970 1989 2312 2293)
4(1988 2311 2312 1989)
4(1971 1990 2313 2294)
4(1989 2312 2313 1990)
4(1972 1991 2314 2295)
4(1990 2313 2314 1991)
4(1991 2314 2315 1992)
4(1974 1993 2316 2297)
4(1692 1763 2316 1993)
4(1975 1994 2317 2298)
4(1993 2316 2317 1994)
4(1976 1995 2318 2299)
4(1994 2317 2318 1995)
4(1977 1996 2319 2300)
4(1995 2318 2319 1996)
4(1978 1997 2320 2301)
4(1996 2319 2320 1997)
4(1979 1998 2321 2302)
4(1997 2320 2321 1998)
4(1980 1999 2322 2303)
4(1998 2321 2322 1999)
4(1981 2000 2323 2304)
4(1999 2322 2323 2000)
4(1982 2001 2324 2305)
4(2000 2323 2324 2001)
4(1983 2002 2325 2306)
4(2001 2324 2325 2002)
4(1984 2003 2326 2307)
4(2002 2325 2326 2003)
4(1985 2004 2327 2308)
4(2003 2326 2327 2004)
4(1986 2005 2328 2309)
4(2004 2327 2328 2005)
4(1987 2006 2329 2310)
4(2005 2328 2329 2006)
4(1988 2007 2330 2311)
4(2006 2329 2330 2007)
4(1989 2008 2331 2312)
4(2007 2330 2331 2008)
4(1990 2009 2332 2313)
4(2008 2331 2332 2009)
4(1991 2010 2333 2314)
4(2009 2332 2333 2010)
4(2010 2333 2334 2011)
4(1993 2012 2335 2316)
4(1696 1767 2335 2012)
4(1994 2013 2336 2317)
4(2012 2335 2336 2013)
4(1995 2014 2337 2318)
4(2013 2336 2337 2014)
4(1996 2015 2338 2319)
4(2014 2337 2338 2015)
4(1997 2016 2339 2320)
4(2015 2338 2339 2016)
4(1998 2017 2340 2321)
4(2016 2339 2340 2017)
4(1999 2018 2341 2322)
4(2017 2340 2341 2018)
4(2000 2019 2342 2323)
4(2018 2341 2342 2019)
4(2001 2020 2343 2324)
4(2019 2342 2343 2020)
4(2002 2021 2344 2325)
4(2020 2343 2344 2021)
4(2003 2022 2345 2326)
4(2021 2344 2345 2022)
4(2004 2023 2346 2327)
4(2022 2345 2346 2023)
4(2005 2024 2347 2328)
4(2023 2346 2347 2024)
4(2006 2025 2348 2329)
4(2024 2347 2348 2025)
4(2007 2026 2349 2330)
4(2025 2348 2349 2026)
4(2008 2027 2350 2331)
4(2026 2349 2350 2027)
4(2009 2028 2351 2332)
4(2027 2350 2351 2028)
4(2010 2029 2352 2333)
4(2028 2351 2352 2029)
4(2029 2352 2353 2030)
4(2012 2031 2354 2335)
4(1700 1771 2354 2031)
4(2013 2032 2355 2336)
4(2031 2354 2355 2032)
4(2014 2033 2356 2337)
4(2032 2355 2356 2033)
4(2015 2034 2357 2338)
4(2033 2356 2357 2034)
4(2016 2035 2358 2339)
4(2034 2357 2358 2035)
4(2017 2036 2359 2340)
4(2035 2358 2359 2036)
4(2018 2037 2360 2341)
4(2036 2359 2360 2037)
4(2019 2038 2361 2342)
4(2037 2360 2361 2038)
4(2020 2039 2362 2343)
4(2038 2361 2362 2039)
4(2021 2040 2363 2344)
4(2039 2362 2363 2040)
4(2022 2041 2364 2345)
4(2040 2363 2364 2041)
4(2023 2042 2365 2346)
4(2041 2364 2365 2042)
4(2024 2043 2366 2347)
4(2042 2365 2366 2043)
4(2025 2044 2367 2348)
4(2043 2366 2367 2044)
4(2026 2045 2368 2349)
4(2044 2367 2368 2045)
4(2027 2046 2369 2350)
4(2045 2368 2369 2046)
4(2028 2047 2370 2351)
4(2046 2369 2370 2047)
4(2029 2048 2371 2352)
4(2047 2370 2371 2048)
4(2048 2371 2372 2049)
4(2031 2050 2373 2354)
4(1704 1775 2373 2050)
4(2032 2051 2374 2355)
4(2050 2373 2374 2051)
4(2033 2052 2375 2356)
4(2051 2374 2375 2052)
4(2034 2053 2376 2357)
4(2052 2375 2376 2053)
4(2035 2054 2377 2358)
4(2053 2376 2377 2054)
4(2036 2055 2378 2359)
4(2054 2377 2378 2055)
4(2037 2056 2379 2360)
4(2055 2378 2379 2056)
4(2038 2057 2380 2361)
4(2056 2379 2380 2057)
4(2039 2058 2381 2362)
4(2057 2380 2381 2058)
4(2040 2059 2382 2363)
4(2058 2381 2382 2059)
4(2041 2060 2383 2364)
4(2059 2382 2383 2060)
4(2042 2061 2384 2365)
4(2060 2383 2384 2061)
4(2043 2062 2385 2366)
4(2061 2384 2385 2062)
4(2044 2063 2386 2367)
4(2062 2385 2386 2063)
4(2045 2064 2387 2368)
4(2063 2386 2387 2064)
4(2046 2065 2388 2369)
4(2064 2387 2388 2065)
4(2047 2066 2389 2370)
4(2065 2388 2389 2066)
4(2048 2067 2390 2371)
4(2066 2389 2390 2067)
4(2067 2390 2391 2068)
4(2050 2069 2392 2373)
4(1708 1779 2392 2069)
4(2051 2070 2393 2374)
4(2069 2392 2393 2070)
4(2052 2071 2394 2375)
4(2070 2393 2394 2071)
4(2053 2072 2395 2376)
4(2071 2394 2395 2072)
4(2054 2073 2396 2377)
4(2072 2395 2396 2073)
4(2055 2074 2397 2378)
4(2073 2396 2397 2074)
4(2056 2075 2398 2379)
4(2074 2397 2398 2075)
4(2057 2076 2399 2380)
4(2075 2398 2399 2076)
4(2058 2077 2400 2381)
4(2076 2399 2400 2077)
4(2059 2078 2401 2382)
4(2077 2400 2401 2078)
4(2060 2079 2402 2383)
4(2078 2401 2402 2079)
4(2061 2080 2403 2384)
4(2079 2402 2403 2080)
4(2062 2081 2404 2385)
4(2080 2403 2404 2081)
4(2063 2082 2405 2386)
4(2081 2404 2405 2082)
4(2064 2083 2406 2387)
4(2082 2405 2406 2083)
4(2065 2084 2407 2388)
4(2083 2406 2407 2084)
4(2066 2085 2408 2389)
4(2084 2407 2408 2085)
4(2067 2086 2409 2390)
4(2085 2408 2409 2086)
4(2086 2409 2410 2087)
4(2069 2088 2411 2392)
4(2070 2089 2412 2393)
4(2071 2090 2413 2394)
4(2072 2091 2414 2395)
4(2073 2092 2415 2396)
4(2074 2093 2416 2397)
4(2075 2094 2417 2398)
4(2076 2095 2418 2399)
4(2077 2096 2419 2400)
4(2078 2097 2420 2401)
4(2079 2098 2421 2402)
4(2080 2099 2422 2403)
4(2081 2100 2423 2404)
4(2082 2101 2424 2405)
4(2083 2102 2425 2406)
4(2084 2103 2426 2407)
4(2085 2104 2427 2408)
4(2086 2105 2428 2409)
4(0 216 240 24)
4(24 240 264 48)
4(48 264 288 72)
4(72 288 312 96)
4(96 312 336 120)
4(120 336 360 144)
4(144 360 384 168)
4(168 384 408 192)
4(192 408 1217 792)
4(792 1217 1241 816)
4(816 1241 1265 840)
4(840 1265 1289 864)
4(864 1289 1313 888)
4(888 1313 1337 912)
4(912 1337 1361 936)
4(936 1361 1385 960)
4(960 1385 1409 984)
4(984 1409 1433 1008)
4(1008 1433 1457 1032)
4(1032 1457 1481 1056)
4(1056 1481 1505 1080)
4(1080 1505 1529 1104)
4(1104 1529 1553 1128)
4(1128 1553 1577 1152)
4(1152 1577 1601 1176)
4(1176 1601 1625 1200)
4(451 471 651 631)
4(471 491 671 651)
4(491 511 691 671)
4(511 531 711 691)
4(531 551 731 711)
4(551 571 751 731)
4(571 591 771 751)
4(591 611 791 771)
4(611 1802 2125 791)
4(1802 1821 2144 2125)
4(1821 1840 2163 2144)
4(1840 1859 2182 2163)
4(1859 1878 2201 2182)
4(1878 1897 2220 2201)
4(1897 1916 2239 2220)
4(1916 1935 2258 2239)
4(1935 1954 2277 2258)
4(1954 1973 2296 2277)
4(1973 1992 2315 2296)
4(1992 2011 2334 2315)
4(2011 2030 2353 2334)
4(2030 2049 2372 2353)
4(2049 2068 2391 2372)
4(2068 2087 2410 2391)
4(2087 2106 2429 2410)
4(0 1 217 216)
4(1 2 218 217)
4(2 3 219 218)
4(3 4 220 219)
4(4 5 221 220)
4(5 6 222 221)
4(6 7 223 222)
4(7 8 224 223)
4(8 9 225 224)
4(9 10 226 225)
4(10 11 227 226)
4(11 12 228 227)
4(12 13 229 228)
4(13 14 230 229)
4(14 15 231 230)
4(15 16 232 231)
4(16 17 233 232)
4(17 18 234 233)
4(18 19 235 234)
4(19 20 236 235)
4(20 21 237 236)
4(21 22 238 237)
4(22 23 239 238)
4(23 47 263 239)
4(47 71 287 263)
4(71 95 311 287)
4(95 119 335 311)
4(119 143 359 335)
4(143 167 383 359)
4(167 191 407 383)
4(191 215 431 407)
4(215 1642 1713 431)
4(1642 1643 1714 1713)
4(1643 1644 1715 1714)
4(1644 592 772 1715)
4(432 612 632 452)
4(452 632 652 472)
4(472 652 672 492)
4(492 672 692 512)
4(512 692 712 532)
4(532 712 732 552)
4(552 732 752 572)
4(572 752 772 592)
4(432 433 613 612)
4(433 434 614 613)
4(434 435 615 614)
4(435 436 616 615)
4(436 437 617 616)
4(437 438 618 617)
4(438 439 619 618)
4(439 440 620 619)
4(440 441 621 620)
4(441 442 622 621)
4(442 443 623 622)
4(443 444 624 623)
4(444 445 625 624)
4(445 446 626 625)
4(446 447 627 626)
4(447 448 628 627)
4(448 449 629 628)
4(449 450 630 629)
4(450 451 631 630)
4(0 24 25 1)
4(24 48 49 25)
4(48 72 73 49)
4(72 96 97 73)
4(96 120 121 97)
4(120 144 145 121)
4(144 168 169 145)
4(168 192 193 169)
4(1 25 26 2)
4(25 49 50 26)
4(49 73 74 50)
4(73 97 98 74)
4(97 121 122 98)
4(121 145 146 122)
4(145 169 170 146)
4(169 193 194 170)
4(2 26 27 3)
4(26 50 51 27)
4(50 74 75 51)
4(74 98 99 75)
4(98 122 123 99)
4(122 146 147 123)
4(146 170 171 147)
4(170 194 195 171)
4(3 27 28 4)
4(27 51 52 28)
4(51 75 76 52)
4(75 99 100 76)
4(99 123 124 100)
4(123 147 148 124)
4(147 171 172 148)
4(171 195 196 172)
4(4 28 29 5)
4(28 52 53 29)
4(52 76 77 53)
4(76 100 101 77)
4(100 124 125 101)
4(124 148 149 125)
4(148 172 173 149)
4(172 196 197 173)
4(5 29 30 6)
4(29 53 54 30)
4(53 77 78 54)
4(77 101 102 78)
4(101 125 126 102)
4(125 149 150 126)
4(149 173 174 150)
4(173 197 198 174)
4(6 30 31 7)
4(30 54 55 31)
4(54 78 79 55)
4(78 102 103 79)
4(102 126 127 103)
4(126 150 151 127)
4(150 174 175 151)
4(174 198 199 175)
4(7 31 32 8)
4(31 55 56 32)
4(55 79 80 56)
4(79 103 104 80)
4(103 127 128 104)
4(127 151 152 128)
4(151 175 176 152)
4(175 199 200 176)
4(8 32 33 9)
4(32 56 57 33)
4(56 80 81 57)
4(80 104 105 81)
4(104 128 129 105)
4(128 152 153 129)
4(152 176 177 153)
4(176 200 201 177)
4(9 33 34 10)
4(33 57 58 34)
4(57 81 82 58)
4(81 105 106 82)
4(105 129 130 106)
4(129 153 154 130)
4(153 177 178 154)
4(177 201 202 178)
4(10 34 35 11)
4(34 58 59 35)
4(58 82 83 59)
4(82 106 107 83)
4(106 130 131 107)
4(130 154 155 131)
4(154 178 179 155)
4(178 202 203 179)
4(11 35 36 12)
4(35 59 60 36)
4(59 83 84 60)
4(83 107 108 84)
4(107 131 132 108)
4(131 155 156 132)
4(155 179 180 156)
4(179 203 204 180)
4(12 36 37 13)
4(36 60 61 37)
4(60 84 85 61)
4(84 108 109 85)
4(108 132 133 109)
4(132 156 157 133)
4(156 180 181 157)
4(180 204 205 181)
4(13 37 38 14)
4(37 61 62 38)
4(61 85 86 62)
4(85 109 110 86)
4(109 133 134 110)
4(133 157 158 134)
4(157 181 182 158)
4(181 205 206 182)
4(14 38 39 15)
4(38 62 63 39)
4(62 86 87 63)
4(86 110 111 87)
4(110 134 135 111)
4(134 158 159 135)
4(158 182 183 159)
4(182 206 207 183)
4(15 39 40 16)
4(39 63 64 40)
4(63 87 88 64)
4(87 111 112 88)
4(111 135 136 112)
4(135 159 160 136)
4(159 183 184 160)
4(183 207 208 184)
4(16 40 41 17)
4(40 64 65 41)
4(64 88 89 65)
4(88 112 113 89)
4(112 136 137 113)
4(136 160 161 137)
4(160 184 185 161)
4(184 208 209 185)
4(17 41 42 18)
4(41 65 66 42)
4(65 89 90 66)
4(89 113 114 90)
4(113 137 138 114)
4(137 161 162 138)
4(161 185 186 162)
4(185 209 210 186)
4(18 42 43 19)
4(42 66 67 43)
4(66 90 91 67)
4(90 114 115 91)
4(114 138 139 115)
4(138 162 163 139)
4(162 186 187 163)
4(186 210 211 187)
4(19 43 44 20)
4(43 67 68 44)
4(67 91 92 68)
4(91 115 116 92)
4(115 139 140 116)
4(139 163 164 140)
4(163 187 188 164)
4(187 211 212 188)
4(20 44 45 21)
4(44 68 69 45)
4(68 92 93 69)
4(92 116 117 93)
4(116 140 141 117)
4(140 164 165 141)
4(164 188 189 165)
4(188 212 213 189)
4(21 45 46 22)
4(45 69 70 46)
4(69 93 94 70)
4(93 117 118 94)
4(117 141 142 118)
4(141 165 166 142)
4(165 189 190 166)
4(189 213 214 190)
4(22 46 47 23)
4(46 70 71 47)
4(70 94 95 71)
4(94 118 119 95)
4(118 142 143 119)
4(142 166 167 143)
4(166 190 191 167)
4(190 214 215 191)
4(216 217 241 240)
4(240 241 265 264)
4(264 265 289 288)
4(288 289 313 312)
4(312 313 337 336)
4(336 337 361 360)
4(360 361 385 384)
4(384 385 409 408)
4(217 218 242 241)
4(241 242 266 265)
4(265 266 290 289)
4(289 290 314 313)
4(313 314 338 337)
4(337 338 362 361)
4(361 362 386 385)
4(385 386 410 409)
4(218 219 243 242)
4(242 243 267 266)
4(266 267 291 290)
4(290 291 315 314)
4(314 315 339 338)
4(338 339 363 362)
4(362 363 387 386)
4(386 387 411 410)
4(219 220 244 243)
4(243 244 268 267)
4(267 268 292 291)
4(291 292 316 315)
4(315 316 340 339)
4(339 340 364 363)
4(363 364 388 387)
4(387 388 412 411)
4(220 221 245 244)
4(244 245 269 268)
4(268 269 293 292)
4(292 293 317 316)
4(316 317 341 340)
4(340 341 365 364)
4(364 365 389 388)
4(388 389 413 412)
4(221 222 246 245)
4(245 246 270 269)
4(269 270 294 293)
4(293 294 318 317)
4(317 318 342 341)
4(341 342 366 365)
4(365 366 390 389)
4(389 390 414 413)
4(222 223 247 246)
4(246 247 271 270)
4(270 271 295 294)
4(294 295 319 318)
4(318 319 343 342)
4(342 343 367 366)
4(366 367 391 390)
4(390 391 415 414)
4(223 224 248 247)
4(247 248 272 271)
4(271 272 296 295)
4(295 296 320 319)
4(319 320 344 343)
4(343 344 368 367)
4(367 368 392 391)
4(391 392 416 415)
4(224 225 249 248)
4(248 249 273 272)
4(272 273 297 296)
4(296 297 321 320)
4(320 321 345 344)
4(344 345 369 368)
4(368 369 393 392)
4(392 393 417 416)
4(225 226 250 249)
4(249 250 274 273)
4(273 274 298 297)
4(297 298 322 321)
4(321 322 346 345)
4(345 346 370 369)
4(369 370 394 393)
4(393 394 418 417)
4(226 227 251 250)
4(250 251 275 274)
4(274 275 299 298)
4(298 299 323 322)
4(322 323 347 346)
4(346 347 371 370)
4(370 371 395 394)
4(394 395 419 418)
4(227 228 252 251)
4(251 252 276 275)
4(275 276 300 299)
4(299 300 324 323)
4(323 324 348 347)
4(347 348 372 371)
4(371 372 396 395)
4(395 396 420 419)
4(228 229 253 252)
4(252 253 277 276)
4(276 277 301 300)
4(300 301 325 324)
4(324 325 349 348)
4(348 349 373 372)
4(372 373 397 396)
4(396 397 421 420)
4(229 230 254 253)
4(253 254 278 277)
4(277 278 302 301)
4(301 302 326 325)
4(325 326 350 349)
4(349 350 374 373)
4(373 374 398 397)
4(397 398 422 421)
4(230 231 255 254)
4(254 255 279 278)
4(278 279 303 302)
4(302 303 327 326)
4(326 327 351 350)
4(350 351 375 374)
4(374 375 399 398)
4(398 399 423 422)
4(231 232 256 255)
4(255 256 280 279)
4(279 280 304 303)
4(303 304 328 327)
4(327 328 352 351)
4(351 352 376 375)
4(375 376 400 399)
4(399 400 424 423)
4(232 233 257 256)
4(256 257 281 280)
4(280 281 305 304)
4(304 305 329 328)
4(328 329 353 352)
4(352 353 377 376)
4(376 377 401 400)
4(400 401 425 424)
4(233 234 258 257)
4(257 258 282 281)
4(281 282 306 305)
4(305 306 330 329)
4(329 330 354 353)
4(353 354 378 377)
4(377 378 402 401)
4(401 402 426 425)
4(234 235 259 258)
4(258 259 283 282)
4(282 283 307 306)
4(306 307 331 330)
4(330 331 355 354)
4(354 355 379 378)
4(378 379 403 402)
4(402 403 427 426)
4(235 236 260 259)
4(259 260 284 283)
4(283 284 308 307)
4(307 308 332 331)
4(331 332 356 355)
4(355 356 380 379)
4(379 380 404 403)
4(403 404 428 427)
4(236 237 261 260)
4(260 261 285 284)
4(284 285 309 308)
4(308 309 333 332)
4(332 333 357 356)
4(356 357 381 380)
4(380 381 405 404)
4(404 405 429 428)
4(237 238 262 261)
4(261 262 286 285)
4(285 286 310 309)
4(309 310 334 333)
4(333 334 358 357)
4(357 358 382 381)
4(381 382 406 405)
4(405 406 430 429)
4(238 239 263 262)
4(262 263 287 286)
4(286 287 311 310)
4(310 311 335 334)
4(334 335 359 358)
4(358 359 383 382)
4(382 383 407 406)
4(406 407 431 430)
4(432 452 453 433)
4(452 472 473 453)
4(472 492 493 473)
4(492 512 513 493)
4(512 532 533 513)
4(532 552 553 533)
4(552 572 573 553)
4(572 592 593 573)
4(433 453 454 434)
4(453 473 474 454)
4(473 493 494 474)
4(493 513 514 494)
4(513 533 534 514)
4(533 553 554 534)
4(553 573 574 554)
4(573 593 594 574)
4(434 454 455 435)
4(454 474 475 455)
4(474 494 495 475)
4(494 514 515 495)
4(514 534 535 515)
4(534 554 555 535)
4(554 574 575 555)
4(574 594 595 575)
4(435 455 456 436)
4(455 475 476 456)
4(475 495 496 476)
4(495 515 516 496)
4(515 535 536 516)
4(535 555 556 536)
4(555 575 576 556)
4(575 595 596 576)
4(436 456 457 437)
4(456 476 477 457)
4(476 496 497 477)
4(496 516 517 497)
4(516 536 537 517)
4(536 556 557 537)
4(556 576 577 557)
4(576 596 597 577)
4(437 457 458 438)
4(457 477 478 458)
4(477 497 498 478)
4(497 517 518 498)
4(517 537 538 518)
4(537 557 558 538)
4(557 577 578 558)
4(577 597 598 578)
4(438 458 459 439)
4(458 478 479 459)
4(478 498 499 479)
4(498 518 519 499)
4(518 538 539 519)
4(538 558 559 539)
4(558 578 579 559)
4(578 598 599 579)
4(439 459 460 440)
4(459 479 480 460)
4(479 499 500 480)
4(499 519 520 500)
4(519 539 540 520)
4(539 559 560 540)
4(559 579 580 560)
4(579 599 600 580)
4(440 460 461 441)
4(460 480 481 461)
4(480 500 501 481)
4(500 520 521 501)
4(520 540 541 521)
4(540 560 561 541)
4(560 580 581 561)
4(580 600 601 581)
4(441 461 462 442)
4(461 481 482 462)
4(481 501 502 482)
4(501 521 522 502)
4(521 541 542 522)
4(541 561 562 542)
4(561 581 582 562)
4(581 601 602 582)
4(442 462 463 443)
4(462 482 483 463)
4(482 502 503 483)
4(502 522 523 503)
4(522 542 543 523)
4(542 562 563 543)
4(562 582 583 563)
4(582 602 603 583)
4(443 463 464 444)
4(463 483 484 464)
4(483 503 504 484)
4(503 523 524 504)
4(523 543 544 524)
4(543 563 564 544)
4(563 583 584 564)
4(583 603 604 584)
4(444 464 465 445)
4(464 484 485 465)
4(484 504 505 485)
4(504 524 525 505)
4(524 544 545 525)
4(544 564 565 545)
4(564 584 585 565)
4(584 604 605 585)
4(445 465 466 446)
4(465 485 486 466)
4(485 505 506 486)
4(505 525 526 506)
4(525 545 546 526)
4(545 565 566 546)
4(565 585 586 566)
4(585 605 606 586)
4(446 466 467 447)
4(466 486 487 467)
4(486 506 507 487)
4(506 526 527 507)
4(526 546 547 527)
4(546 566 567 547)
4(566 586 587 567)
4(586 606 607 587)
4(447 467 468 448)
4(467 487 488 468)
4(487 507 508 488)
4(507 527 528 508)
4(527 547 548 528)
4(547 567 568 548)
4(567 587 588 568)
4(587 607 608 588)
4(448 468 469 449)
4(468 488 489 469)
4(488 508 509 489)
4(508 528 529 509)
4(528 548 549 529)
4(548 568 569 549)
4(568 588 589 569)
4(588 608 609 589)
4(449 469 470 450)
4(469 489 490 470)
4(489 509 510 490)
4(509 529 530 510)
4(529 549 550 530)
4(549 569 570 550)
4(569 589 590 570)
4(589 609 610 590)
4(450 470 471 451)
4(470 490 491 471)
4(490 510 511 491)
4(510 530 531 511)
4(530 550 551 531)
4(550 570 571 551)
4(570 590 591 571)
4(590 610 611 591)
4(612 613 633 632)
4(632 633 653 652)
4(652 653 673 672)
4(672 673 693 692)
4(692 693 713 712)
4(712 713 733 732)
4(732 733 753 752)
4(752 753 773 772)
4(613 614 634 633)
4(633 634 654 653)
4(653 654 674 673)
4(673 674 694 693)
4(693 694 714 713)
4(713 714 734 733)
4(733 734 754 753)
4(753 754 774 773)
4(614 615 635 634)
4(634 635 655 654)
4(654 655 675 674)
4(674 675 695 694)
4(694 695 715 714)
4(714 715 735 734)
4(734 735 755 754)
4(754 755 775 774)
4(615 616 636 635)
4(635 636 656 655)
4(655 656 676 675)
4(675 676 696 695)
4(695 696 716 715)
4(715 716 736 735)
4(735 736 756 755)
4(755 756 776 775)
4(616 617 637 636)
4(636 637 657 656)
4(656 657 677 676)
4(676 677 697 696)
4(696 697 717 716)
4(716 717 737 736)
4(736 737 757 756)
4(756 757 777 776)
4(617 618 638 637)
4(637 638 658 657)
4(657 658 678 677)
4(677 678 698 697)
4(697 698 718 717)
4(717 718 738 737)
4(737 738 758 757)
4(757 758 778 777)
4(618 619 639 638)
4(638 639 659 658)
4(658 659 679 678)
4(678 679 699 698)
4(698 699 719 718)
4(718 719 739 738)
4(738 739 759 758)
4(758 759 779 778)
4(619 620 640 639)
4(639 640 660 659)
4(659 660 680 679)
4(679 680 700 699)
4(699 700 720 719)
4(719 720 740 739)
4(739 740 760 759)
4(759 760 780 779)
4(620 621 641 640)
4(640 641 661 660)
4(660 661 681 680)
4(680 681 701 700)
4(700 701 721 720)
4(720 721 741 740)
4(740 741 761 760)
4(760 761 781 780)
4(621 622 642 641)
4(641 642 662 661)
4(661 662 682 681)
4(681 682 702 701)
4(701 702 722 721)
4(721 722 742 741)
4(741 742 762 761)
4(761 762 782 781)
4(622 623 643 642)
4(642 643 663 662)
4(662 663 683 682)
4(682 683 703 702)
4(702 703 723 722)
4(722 723 743 742)
4(742 743 763 762)
4(762 763 783 782)
4(623 624 644 643)
4(643 644 664 663)
4(663 664 684 683)
4(683 684 704 703)
4(703 704 724 723)
4(723 724 744 743)
4(743 744 764 763)
4(763 764 784 783)
4(624 625 645 644)
4(644 645 665 664)
4(664 665 685 684)
4(684 685 705 704)
4(704 705 725 724)
4(724 725 745 744)
4(744 745 765 764)
4(764 765 785 784)
4(625 626 646 645)
4(645 646 666 665)
4(665 666 686 685)
4(685 686 706 705)
4(705 706 726 725)
4(725 726 746 745)
4(745 746 766 765)
4(765 766 786 785)
4(626 627 647 646)
4(646 647 667 666)
4(666 667 687 686)
4(686 687 707 706)
4(706 707 727 726)
4(726 727 747 746)
4(746 747 767 766)
4(766 767 787 786)
4(627 628 648 647)
4(647 648 668 667)
4(667 668 688 687)
4(687 688 708 707)
4(707 708 728 727)
4(727 728 748 747)
4(747 748 768 767)
4(767 768 788 787)
4(628 629 649 648)
4(648 649 669 668)
4(668 669 689 688)
4(688 689 709 708)
4(708 709 729 728)
4(728 729 749 748)
4(748 749 769 768)
4(768 769 789 788)
4(629 630 650 649)
4(649 650 670 669)
4(669 670 690 689)
4(689 690 710 709)
4(709 710 730 729)
4(729 730 750 749)
4(749 750 770 769)
4(769 770 790 789)
4(630 631 651 650)
4(650 651 671 670)
4(670 671 691 690)
4(690 691 711 710)
4(710 711 731 730)
4(730 731 751 750)
4(750 751 771 770)
4(770 771 791 790)
4(192 792 793 193)
4(792 816 817 793)
4(816 840 841 817)
4(840 864 865 841)
4(864 888 889 865)
4(888 912 913 889)
4(912 936 937 913)
4(936 960 961 937)
4(960 984 985 961)
4(984 1008 1009 985)
4(1008 1032 1033 1009)
4(1032 1056 1057 1033)
4(1056 1080 1081 1057)
4(1080 1104 1105 1081)
4(1104 1128 1129 1105)
4(1128 1152 1153 1129)
4(1152 1176 1177 1153)
4(1176 1200 1201 1177)
4(193 793 794 194)
4(793 817 818 794)
4(817 841 842 818)
4(841 865 866 842)
4(865 889 890 866)
4(889 913 914 890)
4(913 937 938 914)
4(937 961 962 938)
4(961 985 986 962)
4(985 1009 1010 986)
4(1009 1033 1034 1010)
4(1033 1057 1058 1034)
4(1057 1081 1082 1058)
4(1081 1105 1106 1082)
4(1105 1129 1130 1106)
4(1129 1153 1154 1130)
4(1153 1177 1178 1154)
4(1177 1201 1202 1178)
4(194 794 795 195)
4(794 818 819 795)
4(818 842 843 819)
4(842 866 867 843)
4(866 890 891 867)
4(890 914 915 891)
4(914 938 939 915)
4(938 962 963 939)
4(962 986 987 963)
4(986 1010 1011 987)
4(1010 1034 1035 1011)
4(1034 1058 1059 1035)
4(1058 1082 1083 1059)
4(1082 1106 1107 1083)
4(1106 1130 1131 1107)
4(1130 1154 1155 1131)
4(1154 1178 1179 1155)
4(1178 1202 1203 1179)
4(195 795 796 196)
4(795 819 820 796)
4(819 843 844 820)
4(843 867 868 844)
4(867 891 892 868)
4(891 915 916 892)
4(915 939 940 916)
4(939 963 964 940)
4(963 987 988 964)
4(987 1011 1012 988)
4(1011 1035 1036 1012)
4(1035 1059 1060 1036)
4(1059 1083 1084 1060)
4(1083 1107 1108 1084)
4(1107 1131 1132 1108)
4(1131 1155 1156 1132)
4(1155 1179 1180 1156)
4(1179 1203 1204 1180)
4(196 796 797 197)
4(796 820 821 797)
4(820 844 845 821)
4(844 868 869 845)
4(868 892 893 869)
4(892 916 917 893)
4(916 940 941 917)
4(940 964 965 941)
4(964 988 989 965)
4(988 1012 1013 989)
4(1012 1036 1037 1013)
4(1036 1060 1061 1037)
4(1060 1084 1085 1061)
4(1084 1108 1109 1085)
4(1108 1132 1133 1109)
4(1132 1156 1157 1133)
4(1156 1180 1181 1157)
4(1180 1204 1205 1181)
4(197 797 798 198)
4(797 821 822 798)
4(821 845 846 822)
4(845 869 870 846)
4(869 893 894 870)
4(893 917 918 894)
4(917 941 942 918)
4(941 965 966 942)
4(965 989 990 966)
4(989 1013 1014 990)
4(1013 1037 1038 1014)
4(1037 1061 1062 1038)
4(1061 1085 1086 1062)
4(1085 1109 1110 1086)
4(1109 1133 1134 1110)
4(1133 1157 1158 1134)
4(1157 1181 1182 1158)
4(1181 1205 1206 1182)
4(198 798 799 199)
4(798 822 823 799)
4(822 846 847 823)
4(846 870 871 847)
4(870 894 895 871)
4(894 918 919 895)
4(918 942 943 919)
4(942 966 967 943)
4(966 990 991 967)
4(990 1014 1015 991)
4(1014 1038 1039 1015)
4(1038 1062 1063 1039)
4(1062 1086 1087 1063)
4(1086 1110 1111 1087)
4(1110 1134 1135 1111)
4(1134 1158 1159 1135)
4(1158 1182 1183 1159)
4(1182 1206 1207 1183)
4(199 799 800 200)
4(799 823 824 800)
4(823 847 848 824)
4(847 871 872 848)
4(871 895 896 872)
4(895 919 920 896)
4(919 943 944 920)
4(943 967 968 944)
4(967 991 992 968)
4(991 1015 1016 992)
4(1015 1039 1040 1016)
4(1039 1063 1064 1040)
4(1063 1087 1088 1064)
4(1087 1111 1112 1088)
4(1111 1135 1136 1112)
4(1135 1159 1160 1136)
4(1159 1183 1184 1160)
4(1183 1207 1208 1184)
4(200 800 801 201)
4(800 824 825 801)
4(824 848 849 825)
4(848 872 873 849)
4(872 896 897 873)
4(896 920 921 897)
4(920 944 945 921)
4(944 968 969 945)
4(968 992 993 969)
4(992 1016 1017 993)
4(1016 1040 1041 1017)
4(1040 1064 1065 1041)
4(1064 1088 1089 1065)
4(1088 1112 1113 1089)
4(1112 1136 1137 1113)
4(1136 1160 1161 1137)
4(1160 1184 1185 1161)
4(1184 1208 1209 1185)
4(201 801 802 202)
4(801 825 826 802)
4(825 849 850 826)
4(849 873 874 850)
4(873 897 898 874)
4(897 921 922 898)
4(921 945 946 922)
4(945 969 970 946)
4(969 993 994 970)
4(993 1017 1018 994)
4(1017 1041 1042 1018)
4(1041 1065 1066 1042)
4(1065 1089 1090 1066)
4(1089 1113 1114 1090)
4(1113 1137 1138 1114)
4(1137 1161 1162 1138)
4(1161 1185 1186 1162)
4(1185 1209 1210 1186)
4(202 802 803 203)
4(802 826 827 803)
4(826 850 851 827)
4(850 874 875 851)
4(874 898 899 875)
4(898 922 923 899)
4(922 946 947 923)
4(946 970 971 947)
4(970 994 995 971)
4(994 1018 1019 995)
4(1018 1042 1043 1019)
4(1042 1066 1067 1043)
4(1066 1090 1091 1067)
4(1090 1114 1115 1091)
4(1114 1138 1139 1115)
4(1138 1162 1163 1139)
4(1162 1186 1187 1163)
4(1186 1210 1211 1187)
4(203 803 804 204)
4(803 827 828 804)
4(827 851 852 828)
4(851 875 876 852)
4(875 899 900 876)
4(899 923 924 900)
4(923 947 948 924)
4(947 971 972 948)
4(971 995 996 972)
4(995 1019 1020 996)
4(1019 1043 1044 1020)
4(1043 1067 1068 1044)
4(1067 1091 1092 1068)
4(1091 1115 1116 1092)
4(1115 1139 1140 1116)
4(1139 1163 1164 1140)
4(1163 1187 1188 1164)
4(1187 1211 1212 1188)
4(204 804 805 205)
4(804 828 829 805)
4(828 852 853 829)
4(852 876 877 853)
4(876 900 901 877)
4(900 924 925 901)
4(924 948 949 925)
4(948 972 973 949)
4(972 996 997 973)
4(996 1020 1021 997)
4(1020 1044 1045 1021)
4(1044 1068 1069 1045)
4(1068 1092 1093 1069)
4(1092 1116 1117 1093)
4(1116 1140 1141 1117)
4(1140 1164 1165 1141)
4(1164 1188 1189 1165)
4(1188 1212 1213 1189)
4(205 805 806 206)
4(805 829 830 806)
4(829 853 854 830)
4(853 877 878 854)
4(877 901 902 878)
4(901 925 926 902)
4(925 949 950 926)
4(949 973 974 950)
4(973 997 998 974)
4(997 1021 1022 998)
4(1021 1045 1046 1022)
4(1045 1069 1070 1046)
4(1069 1093 1094 1070)
4(1093 1117 1118 1094)
4(1117 1141 1142 1118)
4(1141 1165 1166 1142)
4(1165 1189 1190 1166)
4(1189 1213 1214 1190)
4(206 806 807 207)
4(806 830 831 807)
4(830 854 855 831)
4(854 878 879 855)
4(878 902 903 879)
4(902 926 927 903)
4(926 950 951 927)
4(950 974 975 951)
4(974 998 999 975)
4(998 1022 1023 999)
4(1022 1046 1047 1023)
4(1046 1070 1071 1047)
4(1070 1094 1095 1071)
4(1094 1118 1119 1095)
4(1118 1142 1143 1119)
4(1142 1166 1167 1143)
4(1166 1190 1191 1167)
4(1190 1214 1215 1191)
4(207 807 808 208)
4(807 831 832 808)
4(831 855 856 832)
4(855 879 880 856)
4(879 903 904 880)
4(903 927 928 904)
4(927 951 952 928)
4(951 975 976 952)
4(975 999 1000 976)
4(999 1023 1024 1000)
4(1023 1047 1048 1024)
4(1047 1071 1072 1048)
4(1071 1095 1096 1072)
4(1095 1119 1120 1096)
4(1119 1143 1144 1120)
4(1143 1167 1168 1144)
4(1167 1191 1192 1168)
4(1191 1215 1216 1192)
4(208 808 809 209)
4(808 832 833 809)
4(832 856 857 833)
4(856 880 881 857)
4(880 904 905 881)
4(904 928 929 905)
4(928 952 953 929)
4(952 976 977 953)
4(976 1000 1001 977)
4(1000 1024 1025 1001)
4(1024 1048 1049 1025)
4(1048 1072 1073 1049)
4(1072 1096 1097 1073)
4(1096 1120 1121 1097)
4(1120 1144 1145 1121)
4(1144 1168 1169 1145)
4(1168 1192 1193 1169)
4(209 809 810 210)
4(809 833 834 810)
4(833 857 858 834)
4(857 881 882 858)
4(881 905 906 882)
4(905 929 930 906)
4(929 953 954 930)
4(953 977 978 954)
4(977 1001 1002 978)
4(1001 1025 1026 1002)
4(1025 1049 1050 1026)
4(1049 1073 1074 1050)
4(1073 1097 1098 1074)
4(1097 1121 1122 1098)
4(1121 1145 1146 1122)
4(1145 1169 1170 1146)
4(1169 1193 1194 1170)
4(210 810 811 211)
4(810 834 835 811)
4(834 858 859 835)
4(858 882 883 859)
4(882 906 907 883)
4(906 930 931 907)
4(930 954 955 931)
4(954 978 979 955)
4(978 1002 1003 979)
4(1002 1026 1027 1003)
4(1026 1050 1051 1027)
4(1050 1074 1075 1051)
4(1074 1098 1099 1075)
4(1098 1122 1123 1099)
4(1122 1146 1147 1123)
4(1146 1170 1171 1147)
4(1170 1194 1195 1171)
4(211 811 812 212)
4(811 835 836 812)
4(835 859 860 836)
4(859 883 884 860)
4(883 907 908 884)
4(907 931 932 908)
4(931 955 956 932)
4(955 979 980 956)
4(979 1003 1004 980)
4(1003 1027 1028 1004)
4(1027 1051 1052 1028)
4(1051 1075 1076 1052)
4(1075 1099 1100 1076)
4(1099 1123 1124 1100)
4(1123 1147 1148 1124)
4(1147 1171 1172 1148)
4(1171 1195 1196 1172)
4(212 812 813 213)
4(812 836 837 813)
4(836 860 861 837)
4(860 884 885 861)
4(884 908 909 885)
4(908 932 933 909)
4(932 956 957 933)
4(956 980 981 957)
4(980 1004 1005 981)
4(1004 1028 1029 1005)
4(1028 1052 1053 1029)
4(1052 1076 1077 1053)
4(1076 1100 1101 1077)
4(1100 1124 1125 1101)
4(1124 1148 1149 1125)
4(1148 1172 1173 1149)
4(1172 1196 1197 1173)
4(213 813 814 214)
4(813 837 838 814)
4(837 861 862 838)
4(861 885 886 862)
4(885 909 910 886)
4(909 933 934 910)
4(933 957 958 934)
4(957 981 982 958)
4(981 1005 1006 982)
4(1005 1029 1030 1006)
4(1029 1053 1054 1030)
4(1053 1077 1078 1054)
4(1077 1101 1102 1078)
4(1101 1125 1126 1102)
4(1125 1149 1150 1126)
4(1149 1173 1174 1150)
4(1173 1197 1198 1174)
4(214 814 815 215)
4(814 838 839 815)
4(838 862 863 839)
4(862 886 887 863)
4(886 910 911 887)
4(910 934 935 911)
4(934 958 959 935)
4(958 982 983 959)
4(982 1006 1007 983)
4(1006 1030 1031 1007)
4(1030 1054 1055 1031)
4(1054 1078 1079 1055)
4(1078 1102 1103 1079)
4(1102 1126 1127 1103)
4(1126 1150 1151 1127)
4(1150 1174 1175 1151)
4(1174 1198 1199 1175)
4(408 409 1218 1217)
4(1217 1218 1242 1241)
4(1241 1242 1266 1265)
4(1265 1266 1290 1289)
4(1289 1290 1314 1313)
4(1313 1314 1338 1337)
4(1337 1338 1362 1361)
4(1361 1362 1386 1385)
4(1385 1386 1410 1409)
4(1409 1410 1434 1433)
4(1433 1434 1458 1457)
4(1457 1458 1482 1481)
4(1481 1482 1506 1505)
4(1505 1506 1530 1529)
4(1529 1530 1554 1553)
4(1553 1554 1578 1577)
4(1577 1578 1602 1601)
4(1601 1602 1626 1625)
4(409 410 1219 1218)
4(1218 1219 1243 1242)
4(1242 1243 1267 1266)
4(1266 1267 1291 1290)
4(1290 1291 1315 1314)
4(1314 1315 1339 1338)
4(1338 1339 1363 1362)
4(1362 1363 1387 1386)
4(1386 1387 1411 1410)
4(1410 1411 1435 1434)
4(1434 1435 1459 1458)
4(1458 1459 1483 1482)
4(1482 1483 1507 1506)
4(1506 1507 1531 1530)
4(1530 1531 1555 1554)
4(1554 1555 1579 1578)
4(1578 1579 1603 1602)
4(1602 1603 1627 1626)
4(410 411 1220 1219)
4(1219 1220 1244 1243)
4(1243 1244 1268 1267)
4(1267 1268 1292 1291)
4(1291 1292 1316 1315)
4(1315 1316 1340 1339)
4(1339 1340 1364 1363)
4(1363 1364 1388 1387)
4(1387 1388 1412 1411)
4(1411 1412 1436 1435)
4(1435 1436 1460 1459)
4(1459 1460 1484 1483)
4(1483 1484 1508 1507)
4(1507 1508 1532 1531)
4(1531 1532 1556 1555)
4(1555 1556 1580 1579)
4(1579 1580 1604 1603)
4(1603 1604 1628 1627)
4(411 412 1221 1220)
4(1220 1221 1245 1244)
4(1244 1245 1269 1268)
4(1268 1269 1293 1292)
4(1292 1293 1317 1316)
4(1316 1317 1341 1340)
4(1340 1341 1365 1364)
4(1364 1365 1389 1388)
4(1388 1389 1413 1412)
4(1412 1413 1437 1436)
4(1436 1437 1461 1460)
4(1460 1461 1485 1484)
4(1484 1485 1509 1508)
4(1508 1509 1533 1532)
4(1532 1533 1557 1556)
4(1556 1557 1581 1580)
4(1580 1581 1605 1604)
4(1604 1605 1629 1628)
4(412 413 1222 1221)
4(1221 1222 1246 1245)
4(1245 1246 1270 1269)
4(1269 1270 1294 1293)
4(1293 1294 1318 1317)
4(1317 1318 1342 1341)
4(1341 1342 1366 1365)
4(1365 1366 1390 1389)
4(1389 1390 1414 1413)
4(1413 1414 1438 1437)
4(1437 1438 1462 1461)
4(1461 1462 1486 1485)
4(1485 1486 1510 1509)
4(1509 1510 1534 1533)
4(1533 1534 1558 1557)
4(1557 1558 1582 1581)
4(1581 1582 1606 1605)
4(1605 1606 1630 1629)
4(413 414 1223 1222)
4(1222 1223 1247 1246)
4(1246 1247 1271 1270)
4(1270 1271 1295 1294)
4(1294 1295 1319 1318)
4(1318 1319 1343 1342)
4(1342 1343 1367 1366)
4(1366 1367 1391 1390)
4(1390 1391 1415 1414)
4(1414 1415 1439 1438)
4(1438 1439 1463 1462)
4(1462 1463 1487 1486)
4(1486 1487 1511 1510)
4(1510 1511 1535 1534)
4(1534 1535 1559 1558)
4(1558 1559 1583 1582)
4(1582 1583 1607 1606)
4(1606 1607 1631 1630)
4(414 415 1224 1223)
4(1223 1224 1248 1247)
4(1247 1248 1272 1271)
4(1271 1272 1296 1295)
4(1295 1296 1320 1319)
4(1319 1320 1344 1343)
4(1343 1344 1368 1367)
4(1367 1368 1392 1391)
4(1391 1392 1416 1415)
4(1415 1416 1440 1439)
4(1439 1440 1464 1463)
4(1463 1464 1488 1487)
4(1487 1488 1512 1511)
4(1511 1512 1536 1535)
4(1535 1536 1560 1559)
4(1559 1560 1584 1583)
4(1583 1584 1608 1607)
4(1607 1608 1632 1631)
4(415 416 1225 1224)
4(1224 1225 1249 1248)
4(1248 1249 1273 1272)
4(1272 1273 1297 1296)
4(1296 1297 1321 1320)
4(1320 1321 1345 1344)
4(1344 1345 1369 1368)
4(1368 1369 1393 1392)
4(1392 1393 1417 1416)
4(1416 1417 1441 1440)
4(1440 1441 1465 1464)
4(1464 1465 1489 1488)
4(1488 1489 1513 1512)
4(1512 1513 1537 1536)
4(1536 1537 1561 1560)
4(1560 1561 1585 1584)
4(1584 1585 1609 1608)
4(1608 1609 1633 1632)
4(416 417 1226 1225)
4(1225 1226 1250 1249)
4(1249 1250 1274 1273)
4(1273 1274 1298 1297)
4(1297 1298 1322 1321)
4(1321 1322 1346 1345)
4(1345 1346 1370 1369)
4(1369 1370 1394 1393)
4(1393 1394 1418 1417)
4(1417 1418 1442 1441)
4(1441 1442 1466 1465)
4(1465 1466 1490 1489)
4(1489 1490 1514 1513)
4(1513 1514 1538 1537)
4(1537 1538 1562 1561)
4(1561 1562 1586 1585)
4(1585 1586 1610 1609)
4(1609 1610 1634 1633)
4(417 418 1227 1226)
4(1226 1227 1251 1250)
4(1250 1251 1275 1274)
4(1274 1275 1299 1298)
4(1298 1299 1323 1322)
4(1322 1323 1347 1346)
4(1346 1347 1371 1370)
4(1370 1371 1395 1394)
4(1394 1395 1419 1418)
4(1418 1419 1443 1442)
4(1442 1443 1467 1466)
4(1466 1467 1491 1490)
4(1490 1491 1515 1514)
4(1514 1515 1539 1538)
4(1538 1539 1563 1562)
4(1562 1563 1587 1586)
4(1586 1587 1611 1610)
4(1610 1611 1635 1634)
4(418 419 1228 1227)
4(1227 1228 1252 1251)
4(1251 1252 1276 1275)
4(1275 1276 1300 1299)
4(1299 1300 1324 1323)
4(1323 1324 1348 1347)
4(1347 1348 1372 1371)
4(1371 1372 1396 1395)
4(1395 1396 1420 1419)
4(1419 1420 1444 1443)
4(1443 1444 1468 1467)
4(1467 1468 1492 1491)
4(1491 1492 1516 1515)
4(1515 1516 1540 1539)
4(1539 1540 1564 1563)
4(1563 1564 1588 1587)
4(1587 1588 1612 1611)
4(1611 1612 1636 1635)
4(419 420 1229 1228)
4(1228 1229 1253 1252)
4(1252 1253 1277 1276)
4(1276 1277 1301 1300)
4(1300 1301 1325 1324)
4(1324 1325 1349 1348)
4(1348 1349 1373 1372)
4(1372 1373 1397 1396)
4(1396 1397 1421 1420)
4(1420 1421 1445 1444)
4(1444 1445 1469 1468)
4(1468 1469 1493 1492)
4(1492 1493 1517 1516)
4(1516 1517 1541 1540)
4(1540 1541 1565 1564)
4(1564 1565 1589 1588)
4(1588 1589 1613 1612)
4(1612 1613 1637 1636)
4(420 421 1230 1229)
4(1229 1230 1254 1253)
4(1253 1254 1278 1277)
4(1277 1278 1302 1301)
4(1301 1302 1326 1325)
4(1325 1326 1350 1349)
4(1349 1350 1374 1373)
4(1373 1374 1398 1397)
4(1397 1398 1422 1421)
4(1421 1422 1446 1445)
4(1445 1446 1470 1469)
4(1469 1470 1494 1493)
4(1493 1494 1518 1517)
4(1517 1518 1542 1541)
4(1541 1542 1566 1565)
4(1565 1566 1590 1589)
4(1589 1590 1614 1613)
4(1613 1614 1638 1637)
4(421 422 1231 1230)
4(1230 1231 1255 1254)
4(1254 1255 1279 1278)
4(1278 1279 1303 1302)
4(1302 1303 1327 1326)
4(1326 1327 1351 1350)
4(1350 1351 1375 1374)
4(1374 1375 1399 1398)
4(1398 1399 1423 1422)
4(1422 1423 1447 1446)
4(1446 1447 1471 1470)
4(1470 1471 1495 1494)
4(1494 1495 1519 1518)
4(1518 1519 1543 1542)
4(1542 1543 1567 1566)
4(1566 1567 1591 1590)
4(1590 1591 1615 1614)
4(1614 1615 1639 1638)
4(422 423 1232 1231)
4(1231 1232 1256 1255)
4(1255 1256 1280 1279)
4(1279 1280 1304 1303)
4(1303 1304 1328 1327)
4(1327 1328 1352 1351)
4(1351 1352 1376 1375)
4(1375 1376 1400 1399)
4(1399 1400 1424 1423)
4(1423 1424 1448 1447)
4(1447 1448 1472 1471)
4(1471 1472 1496 1495)
4(1495 1496 1520 1519)
4(1519 1520 1544 1543)
4(1543 1544 1568 1567)
4(1567 1568 1592 1591)
4(1591 1592 1616 1615)
4(1615 1616 1640 1639)
4(423 424 1233 1232)
4(1232 1233 1257 1256)
4(1256 1257 1281 1280)
4(1280 1281 1305 1304)
4(1304 1305 1329 1328)
4(1328 1329 1353 1352)
4(1352 1353 1377 1376)
4(1376 1377 1401 1400)
4(1400 1401 1425 1424)
4(1424 1425 1449 1448)
4(1448 1449 1473 1472)
4(1472 1473 1497 1496)
4(1496 1497 1521 1520)
4(1520 1521 1545 1544)
4(1544 1545 1569 1568)
4(1568 1569 1593 1592)
4(1592 1593 1617 1616)
4(1616 1617 1641 1640)
4(424 425 1234 1233)
4(1233 1234 1258 1257)
4(1257 1258 1282 1281)
4(1281 1282 1306 1305)
4(1305 1306 1330 1329)
4(1329 1330 1354 1353)
4(1353 1354 1378 1377)
4(1377 1378 1402 1401)
4(1401 1402 1426 1425)
4(1425 1426 1450 1449)
4(1449 1450 1474 1473)
4(1473 1474 1498 1497)
4(1497 1498 1522 1521)
4(1521 1522 1546 1545)
4(1545 1546 1570 1569)
4(1569 1570 1594 1593)
4(1593 1594 1618 1617)
4(425 426 1235 1234)
4(1234 1235 1259 1258)
4(1258 1259 1283 1282)
4(1282 1283 1307 1306)
4(1306 1307 1331 1330)
4(1330 1331 1355 1354)
4(1354 1355 1379 1378)
4(1378 1379 1403 1402)
4(1402 1403 1427 1426)
4(1426 1427 1451 1450)
4(1450 1451 1475 1474)
4(1474 1475 1499 1498)
4(1498 1499 1523 1522)
4(1522 1523 1547 1546)
4(1546 1547 1571 1570)
4(1570 1571 1595 1594)
4(1594 1595 1619 1618)
4(426 427 1236 1235)
4(1235 1236 1260 1259)
4(1259 1260 1284 1283)
4(1283 1284 1308 1307)
4(1307 1308 1332 1331)
4(1331 1332 1356 1355)
4(1355 1356 1380 1379)
4(1379 1380 1404 1403)
4(1403 1404 1428 1427)
4(1427 1428 1452 1451)
4(1451 1452 1476 1475)
4(1475 1476 1500 1499)
4(1499 1500 1524 1523)
4(1523 1524 1548 1547)
4(1547 1548 1572 1571)
4(1571 1572 1596 1595)
4(1595 1596 1620 1619)
4(427 428 1237 1236)
4(1236 1237 1261 1260)
4(1260 1261 1285 1284)
4(1284 1285 1309 1308)
4(1308 1309 1333 1332)
4(1332 1333 1357 1356)
4(1356 1357 1381 1380)
4(1380 1381 1405 1404)
4(1404 1405 1429 1428)
4(1428 1429 1453 1452)
4(1452 1453 1477 1476)
4(1476 1477 1501 1500)
4(1500 1501 1525 1524)
4(1524 1525 1549 1548)
4(1548 1549 1573 1572)
4(1572 1573 1597 1596)
4(1596 1597 1621 1620)
4(428 429 1238 1237)
4(1237 1238 1262 1261)
4(1261 1262 1286 1285)
4(1285 1286 1310 1309)
4(1309 1310 1334 1333)
4(1333 1334 1358 1357)
4(1357 1358 1382 1381)
4(1381 1382 1406 1405)
4(1405 1406 1430 1429)
4(1429 1430 1454 1453)
4(1453 1454 1478 1477)
4(1477 1478 1502 1501)
4(1501 1502 1526 1525)
4(1525 1526 1550 1549)
4(1549 1550 1574 1573)
4(1573 1574 1598 1597)
4(1597 1598 1622 1621)
4(429 430 1239 1238)
4(1238 1239 1263 1262)
4(1262 1263 1287 1286)
4(1286 1287 1311 1310)
4(1310 1311 1335 1334)
4(1334 1335 1359 1358)
4(1358 1359 1383 1382)
4(1382 1383 1407 1406)
4(1406 1407 1431 1430)
4(1430 1431 1455 1454)
4(1454 1455 1479 1478)
4(1478 1479 1503 1502)
4(1502 1503 1527 1526)
4(1526 1527 1551 1550)
4(1550 1551 1575 1574)
4(1574 1575 1599 1598)
4(1598 1599 1623 1622)
4(430 431 1240 1239)
4(1239 1240 1264 1263)
4(1263 1264 1288 1287)
4(1287 1288 1312 1311)
4(1311 1312 1336 1335)
4(1335 1336 1360 1359)
4(1359 1360 1384 1383)
4(1383 1384 1408 1407)
4(1407 1408 1432 1431)
4(1431 1432 1456 1455)
4(1455 1456 1480 1479)
4(1479 1480 1504 1503)
4(1503 1504 1528 1527)
4(1527 1528 1552 1551)
4(1551 1552 1576 1575)
4(1575 1576 1600 1599)
4(1599 1600 1624 1623)
4(215 815 1645 1642)
4(815 839 1649 1645)
4(839 863 1653 1649)
4(863 887 1657 1653)
4(887 911 1661 1657)
4(911 935 1665 1661)
4(935 959 1669 1665)
4(959 983 1673 1669)
4(983 1007 1677 1673)
4(1007 1031 1681 1677)
4(1031 1055 1685 1681)
4(1055 1079 1689 1685)
4(1079 1103 1693 1689)
4(1103 1127 1697 1693)
4(1127 1151 1701 1697)
4(1151 1175 1705 1701)
4(1175 1199 1709 1705)
4(1642 1645 1646 1643)
4(1645 1649 1650 1646)
4(1649 1653 1654 1650)
4(1653 1657 1658 1654)
4(1657 1661 1662 1658)
4(1661 1665 1666 1662)
4(1665 1669 1670 1666)
4(1669 1673 1674 1670)
4(1673 1677 1678 1674)
4(1677 1681 1682 1678)
4(1681 1685 1686 1682)
4(1685 1689 1690 1686)
4(1689 1693 1694 1690)
4(1693 1697 1698 1694)
4(1697 1701 1702 1698)
4(1701 1705 1706 1702)
4(1705 1709 1710 1706)
4(1643 1646 1647 1644)
4(1646 1650 1651 1647)
4(1650 1654 1655 1651)
4(1654 1658 1659 1655)
4(1658 1662 1663 1659)
4(1662 1666 1667 1663)
4(1666 1670 1671 1667)
4(1670 1674 1675 1671)
4(1674 1678 1679 1675)
4(1678 1682 1683 1679)
4(1682 1686 1687 1683)
4(1686 1690 1691 1687)
4(1690 1694 1695 1691)
4(1694 1698 1699 1695)
4(1698 1702 1703 1699)
4(1702 1706 1707 1703)
4(1706 1710 1711 1707)
4(1644 1647 1648 592)
4(1647 1651 1652 1648)
4(1651 1655 1656 1652)
4(1655 1659 1660 1656)
4(1659 1663 1664 1660)
4(1663 1667 1668 1664)
4(1667 1671 1672 1668)
4(1671 1675 1676 1672)
4(1675 1679 1680 1676)
4(1679 1683 1684 1680)
4(1683 1687 1688 1684)
4(1687 1691 1692 1688)
4(1691 1695 1696 1692)
4(1695 1699 1700 1696)
4(1699 1703 1704 1700)
4(1703 1707 1708 1704)
4(1707 1711 1712 1708)
4(431 1713 1716 1240)
4(1240 1716 1720 1264)
4(1264 1720 1724 1288)
4(1288 1724 1728 1312)
4(1312 1728 1732 1336)
4(1336 1732 1736 1360)
4(1360 1736 1740 1384)
4(1384 1740 1744 1408)
4(1408 1744 1748 1432)
4(1432 1748 1752 1456)
4(1456 1752 1756 1480)
4(1480 1756 1760 1504)
4(1504 1760 1764 1528)
4(1528 1764 1768 1552)
4(1552 1768 1772 1576)
4(1576 1772 1776 1600)
4(1600 1776 1780 1624)
4(1713 1714 1717 1716)
4(1716 1717 1721 1720)
4(1720 1721 1725 1724)
4(1724 1725 1729 1728)
4(1728 1729 1733 1732)
4(1732 1733 1737 1736)
4(1736 1737 1741 1740)
4(1740 1741 1745 1744)
4(1744 1745 1749 1748)
4(1748 1749 1753 1752)
4(1752 1753 1757 1756)
4(1756 1757 1761 1760)
4(1760 1761 1765 1764)
4(1764 1765 1769 1768)
4(1768 1769 1773 1772)
4(1772 1773 1777 1776)
4(1776 1777 1781 1780)
4(1714 1715 1718 1717)
4(1717 1718 1722 1721)
4(1721 1722 1726 1725)
4(1725 1726 1730 1729)
4(1729 1730 1734 1733)
4(1733 1734 1738 1737)
4(1737 1738 1742 1741)
4(1741 1742 1746 1745)
4(1745 1746 1750 1749)
4(1749 1750 1754 1753)
4(1753 1754 1758 1757)
4(1757 1758 1762 1761)
4(1761 1762 1766 1765)
4(1765 1766 1770 1769)
4(1769 1770 1774 1773)
4(1773 1774 1778 1777)
4(1777 1778 1782 1781)
4(1715 772 1719 1718)
4(1718 1719 1723 1722)
4(1722 1723 1727 1726)
4(1726 1727 1731 1730)
4(1730 1731 1735 1734)
4(1734 1735 1739 1738)
4(1738 1739 1743 1742)
4(1742 1743 1747 1746)
4(1746 1747 1751 1750)
4(1750 1751 1755 1754)
4(1754 1755 1759 1758)
4(1758 1759 1763 1762)
4(1762 1763 1767 1766)
4(1766 1767 1771 1770)
4(1770 1771 1775 1774)
4(1774 1775 1779 1778)
4(1778 1779 1783 1782)
4(592 1648 1784 593)
4(1648 1652 1803 1784)
4(1652 1656 1822 1803)
4(1656 1660 1841 1822)
4(1660 1664 1860 1841)
4(1664 1668 1879 1860)
4(1668 1672 1898 1879)
4(1672 1676 1917 1898)
4(1676 1680 1936 1917)
4(1680 1684 1955 1936)
4(1684 1688 1974 1955)
4(1688 1692 1993 1974)
4(1692 1696 2012 1993)
4(1696 1700 2031 2012)
4(1700 1704 2050 2031)
4(1704 1708 2069 2050)
4(1708 1712 2088 2069)
4(593 1784 1785 594)
4(1784 1803 1804 1785)
4(1803 1822 1823 1804)
4(1822 1841 1842 1823)
4(1841 1860 1861 1842)
4(1860 1879 1880 1861)
4(1879 1898 1899 1880)
4(1898 1917 1918 1899)
4(1917 1936 1937 1918)
4(1936 1955 1956 1937)
4(1955 1974 1975 1956)
4(1974 1993 1994 1975)
4(1993 2012 2013 1994)
4(2012 2031 2032 2013)
4(2031 2050 2051 2032)
4(2050 2069 2070 2051)
4(2069 2088 2089 2070)
4(594 1785 1786 595)
4(1785 1804 1805 1786)
4(1804 1823 1824 1805)
4(1823 1842 1843 1824)
4(1842 1861 1862 1843)
4(1861 1880 1881 1862)
4(1880 1899 1900 1881)
4(1899 1918 1919 1900)
4(1918 1937 1938 1919)
4(1937 1956 1957 1938)
4(1956 1975 1976 1957)
4(1975 1994 1995 1976)
4(1994 2013 2014 1995)
4(2013 2032 2033 2014)
4(2032 2051 2052 2033)
4(2051 2070 2071 2052)
4(2070 2089 2090 2071)
4(595 1786 1787 596)
4(1786 1805 1806 1787)
4(1805 1824 1825 1806)
4(1824 1843 1844 1825)
4(1843 1862 1863 1844)
4(1862 1881 1882 1863)
4(1881 1900 1901 1882)
4(1900 1919 1920 1901)
4(1919 1938 1939 1920)
4(1938 1957 1958 1939)
4(1957 1976 1977 1958)
4(1976 1995 1996 1977)
4(1995 2014 2015 1996)
4(2014 2033 2034 2015)
4(2033 2052 2053 2034)
4(2052 2071 2072 2053)
4(2071 2090 2091 2072)
4(596 1787 1788 597)
4(1787 1806 1807 1788)
4(1806 1825 1826 1807)
4(1825 1844 1845 1826)
4(1844 1863 1864 1845)
4(1863 1882 1883 1864)
4(1882 1901 1902 1883)
4(1901 1920 1921 1902)
4(1920 1939 1940 1921)
4(1939 1958 1959 1940)
4(1958 1977 1978 1959)
4(1977 1996 1997 1978)
4(1996 2015 2016 1997)
4(2015 2034 2035 2016)
4(2034 2053 2054 2035)
4(2053 2072 2073 2054)
4(2072 2091 2092 2073)
4(597 1788 1789 598)
4(1788 1807 1808 1789)
4(1807 1826 1827 1808)
4(1826 1845 1846 1827)
4(1845 1864 1865 1846)
4(1864 1883 1884 1865)
4(1883 1902 1903 1884)
4(1902 1921 1922 1903)
4(1921 1940 1941 1922)
4(1940 1959 1960 1941)
4(1959 1978 1979 1960)
4(1978 1997 1998 1979)
4(1997 2016 2017 1998)
4(2016 2035 2036 2017)
4(2035 2054 2055 2036)
4(2054 2073 2074 2055)
4(2073 2092 2093 2074)
4(598 1789 1790 599)
4(1789 1808 1809 1790)
4(1808 1827 1828 1809)
4(1827 1846 1847 1828)
4(1846 1865 1866 1847)
4(1865 1884 1885 1866)
4(1884 1903 1904 1885)
4(1903 1922 1923 1904)
4(1922 1941 1942 1923)
4(1941 1960 1961 1942)
4(1960 1979 1980 1961)
4(1979 1998 1999 1980)
4(1998 2017 2018 1999)
4(2017 2036 2037 2018)
4(2036 2055 2056 2037)
4(2055 2074 2075 2056)
4(2074 2093 2094 2075)
4(599 1790 1791 600)
4(1790 1809 1810 1791)
4(1809 1828 1829 1810)
4(1828 1847 1848 1829)
4(1847 1866 1867 1848)
4(1866 1885 1886 1867)
4(1885 1904 1905 1886)
4(1904 1923 1924 1905)
4(1923 1942 1943 1924)
4(1942 1961 1962 1943)
4(1961 1980 1981 1962)
4(1980 1999 2000 1981)
4(1999 2018 2019 2000)
4(2018 2037 2038 2019)
4(2037 2056 2057 2038)
4(2056 2075 2076 2057)
4(2075 2094 2095 2076)
4(600 1791 1792 601)
4(1791 1810 1811 1792)
4(1810 1829 1830 1811)
4(1829 1848 1849 1830)
4(1848 1867 1868 1849)
4(1867 1886 1887 1868)
4(1886 1905 1906 1887)
4(1905 1924 1925 1906)
4(1924 1943 1944 1925)
4(1943 1962 1963 1944)
4(1962 1981 1982 1963)
4(1981 2000 2001 1982)
4(2000 2019 2020 2001)
4(2019 2038 2039 2020)
4(2038 2057 2058 2039)
4(2057 2076 2077 2058)
4(2076 2095 2096 2077)
4(601 1792 1793 602)
4(1792 1811 1812 1793)
4(1811 1830 1831 1812)
4(1830 1849 1850 1831)
4(1849 1868 1869 1850)
4(1868 1887 1888 1869)
4(1887 1906 1907 1888)
4(1906 1925 1926 1907)
4(1925 1944 1945 1926)
4(1944 1963 1964 1945)
4(1963 1982 1983 1964)
4(1982 2001 2002 1983)
4(2001 2020 2021 2002)
4(2020 2039 2040 2021)
4(2039 2058 2059 2040)
4(2058 2077 2078 2059)
4(2077 2096 2097 2078)
4(602 1793 1794 603)
4(1793 1812 1813 1794)
4(1812 1831 1832 1813)
4(1831 1850 1851 1832)
4(1850 1869 1870 1851)
4(1869 1888 1889 1870)
4(1888 1907 1908 1889)
4(1907 1926 1927 1908)
4(1926 1945 1946 1927)
4(1945 1964 1965 1946)
4(1964 1983 1984 1965)
4(1983 2002 2003 1984)
4(2002 2021 2022 2003)
4(2021 2040 2041 2022)
4(2040 2059 2060 2041)
4(2059 2078 2079 2060)
4(2078 2097 2098 2079)
4(603 1794 1795 604)
4(1794 1813 1814 1795)
4(1813 1832 1833 1814)
4(1832 1851 1852 1833)
4(1851 1870 1871 1852)
4(1870 1889 1890 1871)
4(1889 1908 1909 1890)
4(1908 1927 1928 1909)
4(1927 1946 1947 1928)
4(1946 1965 1966 1947)
4(1965 1984 1985 1966)
4(1984 2003 2004 1985)
4(2003 2022 2023 2004)
4(2022 2041 2042 2023)
4(2041 2060 2061 2042)
4(2060 2079 2080 2061)
4(2079 2098 2099 2080)
4(604 1795 1796 605)
4(1795 1814 1815 1796)
4(1814 1833 1834 1815)
4(1833 1852 1853 1834)
4(1852 1871 1872 1853)
4(1871 1890 1891 1872)
4(1890 1909 1910 1891)
4(1909 1928 1929 1910)
4(1928 1947 1948 1929)
4(1947 1966 1967 1948)
4(1966 1985 1986 1967)
4(1985 2004 2005 1986)
4(2004 2023 2024 2005)
4(2023 2042 2043 2024)
4(2042 2061 2062 2043)
4(2061 2080 2081 2062)
4(2080 2099 2100 2081)
4(605 1796 1797 606)
4(1796 1815 1816 1797)
4(1815 1834 1835 1816)
4(1834 1853 1854 1835)
4(1853 1872 1873 1854)
4(1872 1891 1892 1873)
4(1891 1910 1911 1892)
4(1910 1929 1930 1911)
4(1929 1948 1949 1930)
4(1948 1967 1968 1949)
4(1967 1986 1987 1968)
4(1986 2005 2006 1987)
4(2005 2024 2025 2006)
4(2024 2043 2044 2025)
4(2043 2062 2063 2044)
4(2062 2081 2082 2063)
4(2081 2100 2101 2082)
4(606 1797 1798 607)
4(1797 1816 1817 1798)
4(1816 1835 1836 1817)
4(1835 1854 1855 1836)
4(1854 1873 1874 1855)
4(1873 1892 1893 1874)
4(1892 1911 1912 1893)
4(1911 1930 1931 1912)
4(1930 1949 1950 1931)
4(1949 1968 1969 1950)
4(1968 1987 1988 1969)
4(1987 2006 2007 1988)
4(2006 2025 2026 2007)
4(2025 2044 2045 2026)
4(2044 2063 2064 2045)
4(2063 2082 2083 2064)
4(2082 2101 2102 2083)
4(607 1798 1799 608)
4(1798 1817 1818 1799)
4(1817 1836 1837 1818)
4(1836 1855 1856 1837)
4(1855 1874 1875 1856)
4(1874 1893 1894 1875)
4(1893 1912 1913 1894)
4(1912 1931 1932 1913)
4(1931 1950 1951 1932)
4(1950 1969 1970 1951)
4(1969 1988 1989 1970)
4(1988 2007 2008 1989)
4(2007 2026 2027 2008)
4(2026 2045 2046 2027)
4(2045 2064 2065 2046)
4(2064 2083 2084 2065)
4(2083 2102 2103 2084)
4(608 1799 1800 609)
4(1799 1818 1819 1800)
4(1818 1837 1838 1819)
4(1837 1856 1857 1838)
4(1856 1875 1876 1857)
4(1875 1894 1895 1876)
4(1894 1913 1914 1895)
4(1913 1932 1933 1914)
4(1932 1951 1952 1933)
4(1951 1970 1971 1952)
4(1970 1989 1990 1971)
4(1989 2008 2009 1990)
4(2008 2027 2028 2009)
4(2027 2046 2047 2028)
4(2046 2065 2066 2047)
4(2065 2084 2085 2066)
4(2084 2103 2104 2085)
4(609 1800 1801 610)
4(1800 1819 1820 1801)
4(1819 1838 1839 1820)
4(1838 1857 1858 1839)
4(1857 1876 1877 1858)
4(1876 1895 1896 1877)
4(1895 1914 1915 1896)
4(1914 1933 1934 1915)
4(1933 1952 1953 1934)
4(1952 1971 1972 1953)
4(1971 1990 1991 1972)
4(1990 2009 2010 1991)
4(2009 2028 2029 2010)
4(2028 2047 2048 2029)
4(2047 2066 2067 2048)
4(2066 2085 2086 2067)
4(2085 2104 2105 2086)
4(610 1801 1802 611)
4(1801 1820 1821 1802)
4(1820 1839 1840 1821)
4(1839 1858 1859 1840)
4(1858 1877 1878 1859)
4(1877 1896 1897 1878)
4(1896 1915 1916 1897)
4(1915 1934 1935 1916)
4(1934 1953 1954 1935)
4(1953 1972 1973 1954)
4(1972 1991 1992 1973)
4(1991 2010 2011 1992)
4(2010 2029 2030 2011)
4(2029 2048 2049 2030)
4(2048 2067 2068 2049)
4(2067 2086 2087 2068)
4(2086 2105 2106 2087)
4(772 773 2107 1719)
4(1719 2107 2126 1723)
4(1723 2126 2145 1727)
4(1727 2145 2164 1731)
4(1731 2164 2183 1735)
4(1735 2183 2202 1739)
4(1739 2202 2221 1743)
4(1743 2221 2240 1747)
4(1747 2240 2259 1751)
4(1751 2259 2278 1755)
4(1755 2278 2297 1759)
4(1759 2297 2316 1763)
4(1763 2316 2335 1767)
4(1767 2335 2354 1771)
4(1771 2354 2373 1775)
4(1775 2373 2392 1779)
4(1779 2392 2411 1783)
4(773 774 2108 2107)
4(2107 2108 2127 2126)
4(2126 2127 2146 2145)
4(2145 2146 2165 2164)
4(2164 2165 2184 2183)
4(2183 2184 2203 2202)
4(2202 2203 2222 2221)
4(2221 2222 2241 2240)
4(2240 2241 2260 2259)
4(2259 2260 2279 2278)
4(2278 2279 2298 2297)
4(2297 2298 2317 2316)
4(2316 2317 2336 2335)
4(2335 2336 2355 2354)
4(2354 2355 2374 2373)
4(2373 2374 2393 2392)
4(2392 2393 2412 2411)
4(774 775 2109 2108)
4(2108 2109 2128 2127)
4(2127 2128 2147 2146)
4(2146 2147 2166 2165)
4(2165 2166 2185 2184)
4(2184 2185 2204 2203)
4(2203 2204 2223 2222)
4(2222 2223 2242 2241)
4(2241 2242 2261 2260)
4(2260 2261 2280 2279)
4(2279 2280 2299 2298)
4(2298 2299 2318 2317)
4(2317 2318 2337 2336)
4(2336 2337 2356 2355)
4(2355 2356 2375 2374)
4(2374 2375 2394 2393)
4(2393 2394 2413 2412)
4(775 776 2110 2109)
4(2109 2110 2129 2128)
4(2128 2129 2148 2147)
4(2147 2148 2167 2166)
4(2166 2167 2186 2185)
4(2185 2186 2205 2204)
4(2204 2205 2224 2223)
4(2223 2224 2243 2242)
4(2242 2243 2262 2261)
4(2261 2262 2281 2280)
4(2280 2281 2300 2299)
4(2299 2300 2319 2318)
4(2318 2319 2338 2337)
4(2337 2338 2357 2356)
4(2356 2357 2376 2375)
4(2375 2376 2395 2394)
4(2394 2395 2414 2413)
4(776 777 2111 2110)
4(2110 2111 2130 2129)
4(2129 2130 2149 2148)
4(2148 2149 2168 2167)
4(2167 2168 2187 2186)
4(2186 2187 2206 2205)
4(2205 2206 2225 2224)
4(2224 2225 2244 2243)
4(2243 2244 2263 2262)
4(2262 2263 2282 2281)
4(2281 2282 2301 2300)
4(2300 2301 2320 2319)
4(2319 2320 2339 2338)
4(2338 2339 2358 2357)
4(2357 2358 2377 2376)
4(2376 2377 2396 2395)
4(2395 2396 2415 2414)
4(777 778 2112 2111)
4(2111 2112 2131 2130)
4(2130 2131 2150 2149)
4(2149 2150 2169 2168)
4(2168 2169 2188 2187)
4(2187 2188 2207 2206)
4(2206 2207 2226 2225)
4(2225 2226 2245 2244)
4(2244 2245 2264 2263)
4(2263 2264 2283 2282)
4(2282 2283 2302 2301)
4(2301 2302 2321 2320)
4(2320 2321 2340 2339)
4(2339 2340 2359 2358)
4(2358 2359 2378 2377)
4(2377 2378 2397 2396)
4(2396 2397 2416 2415)
4(778 779 2113 2112)
4(2112 2113 2132 2131)
4(2131 2132 2151 2150)
4(2150 2151 2170 2169)
4(2169 2170 2189 2188)
4(2188 2189 2208 2207)
4(2207 2208 2227 2226)
4(2226 2227 2246 2245)
4(2245 2246 2265 2264)
4(2264 2265 2284 2283)
4(2283 2284 2303 2302)
4(2302 2303 2322 2321)
4(2321 2322 2341 2340)
4(2340 2341 2360 2359)
4(2359 2360 2379 2378)
4(2378 2379 2398 2397)
4(2397 2398 2417 2416)
4(779 780 2114 2113)
4(2113 2114 2133 2132)
4(2132 2133 2152 2151)
4(2151 2152 2171 2170)
4(2170 2171 2190 2189)
4(2189 2190 2209 2208)
4(2208 2209 2228 2227)
4(2227 2228 2247 2246)
4(2246 2247 2266 2265)
4(2265 2266 2285 2284)
4(2284 2285 2304 2303)
4(2303 2304 2323 2322)
4(2322 2323 2342 2341)
4(2341 2342 2361 2360)
4(2360 2361 2380 2379)
4(2379 2380 2399 2398)
4(2398 2399 2418 2417)
4(780 781 2115 2114)
4(2114 2115 2134 2133)
4(2133 2134 2153 2152)
4(2152 2153 2172 2171)
4(2171 2172 2191 2190)
4(2190 2191 2210 2209)
4(2209 2210 2229 2228)
4(2228 2229 2248 2247)
4(2247 2248 2267 2266)
4(2266 2267 2286 2285)
4(2285 2286 2305 2304)
4(2304 2305 2324 2323)
4(2323 2324 2343 2342)
4(2342 2343 2362 2361)
4(2361 2362 2381 2380)
4(2380 2381 2400 2399)
4(2399 2400 2419 2418)
4(781 782 2116 2115)
4(2115 2116 2135 2134)
4(2134 2135 2154 2153)
4(2153 2154 2173 2172)
4(2172 2173 2192 2191)
4(2191 2192 2211 2210)
4(2210 2211 2230 2229)
4(2229 2230 2249 2248)
4(2248 2249 2268 2267)
4(2267 2268 2287 2286)
4(2286 2287 2306 2305)
4(2305 2306 2325 2324)
4(2324 2325 2344 2343)
4(2343 2344 2363 2362)
4(2362 2363 2382 2381)
4(2381 2382 2401 2400)
4(2400 2401 2420 2419)
4(782 783 2117 2116)
4(2116 2117 2136 2135)
4(2135 2136 2155 2154)
4(2154 2155 2174 2173)
4(2173 2174 2193 2192)
4(2192 2193 2212 2211)
4(2211 2212 2231 2230)
4(2230 2231 2250 2249)
4(2249 2250 2269 2268)
4(2268 2269 2288 2287)
4(2287 2288 2307 2306)
4(2306 2307 2326 2325)
4(2325 2326 2345 2344)
4(2344 2345 2364 2363)
4(2363 2364 2383 2382)
4(2382 2383 2402 2401)
4(2401 2402 2421 2420)
4(783 784 2118 2117)
4(2117 2118 2137 2136)
4(2136 2137 2156 2155)
4(2155 2156 2175 2174)
4(2174 2175 2194 2193)
4(2193 2194 2213 2212)
4(2212 2213 2232 2231)
4(2231 2232 2251 2250)
4(2250 2251 2270 2269)
4(2269 2270 2289 2288)
4(2288 2289 2308 2307)
4(2307 2308 2327 2326)
4(2326 2327 2346 2345)
4(2345 2346 2365 2364)
4(2364 2365 2384 2383)
4(2383 2384 2403 2402)
4(2402 2403 2422 2421)
4(784 785 2119 2118)
4(2118 2119 2138 2137)
4(2137 2138 2157 2156)
4(2156 2157 2176 2175)
4(2175 2176 2195 2194)
4(2194 2195 2214 2213)
4(2213 2214 2233 2232)
4(2232 2233 2252 2251)
4(2251 2252 2271 2270)
4(2270 2271 2290 2289)
4(2289 2290 2309 2308)
4(2308 2309 2328 2327)
4(2327 2328 2347 2346)
4(2346 2347 2366 2365)
4(2365 2366 2385 2384)
4(2384 2385 2404 2403)
4(2403 2404 2423 2422)
4(785 786 2120 2119)
4(2119 2120 2139 2138)
4(2138 2139 2158 2157)
4(2157 2158 2177 2176)
4(2176 2177 2196 2195)
4(2195 2196 2215 2214)
4(2214 2215 2234 2233)
4(2233 2234 2253 2252)
4(2252 2253 2272 2271)
4(2271 2272 2291 2290)
4(2290 2291 2310 2309)
4(2309 2310 2329 2328)
4(2328 2329 2348 2347)
4(2347 2348 2367 2366)
4(2366 2367 2386 2385)
4(2385 2386 2405 2404)
4(2404 2405 2424 2423)
4(786 787 2121 2120)
4(2120 2121 2140 2139)
4(2139 2140 2159 2158)
4(2158 2159 2178 2177)
4(2177 2178 2197 2196)
4(2196 2197 2216 2215)
4(2215 2216 2235 2234)
4(2234 2235 2254 2253)
4(2253 2254 2273 2272)
4(2272 2273 2292 2291)
4(2291 2292 2311 2310)
4(2310 2311 2330 2329)
4(2329 2330 2349 2348)
4(2348 2349 2368 2367)
4(2367 2368 2387 2386)
4(2386 2387 2406 2405)
4(2405 2406 2425 2424)
4(787 788 2122 2121)
4(2121 2122 2141 2140)
4(2140 2141 2160 2159)
4(2159 2160 2179 2178)
4(2178 2179 2198 2197)
4(2197 2198 2217 2216)
4(2216 2217 2236 2235)
4(2235 2236 2255 2254)
4(2254 2255 2274 2273)
4(2273 2274 2293 2292)
4(2292 2293 2312 2311)
4(2311 2312 2331 2330)
4(2330 2331 2350 2349)
4(2349 2350 2369 2368)
4(2368 2369 2388 2387)
4(2387 2388 2407 2406)
4(2406 2407 2426 2425)
4(788 789 2123 2122)
4(2122 2123 2142 2141)
4(2141 2142 2161 2160)
4(2160 2161 2180 2179)
4(2179 2180 2199 2198)
4(2198 2199 2218 2217)
4(2217 2218 2237 2236)
4(2236 2237 2256 2255)
4(2255 2256 2275 2274)
4(2274 2275 2294 2293)
4(2293 2294 2313 2312)
4(2312 2313 2332 2331)
4(2331 2332 2351 2350)
4(2350 2351 2370 2369)
4(2369 2370 2389 2388)
4(2388 2389 2408 2407)
4(2407 2408 2427 2426)
4(789 790 2124 2123)
4(2123 2124 2143 2142)
4(2142 2143 2162 2161)
4(2161 2162 2181 2180)
4(2180 2181 2200 2199)
4(2199 2200 2219 2218)
4(2218 2219 2238 2237)
4(2237 2238 2257 2256)
4(2256 2257 2276 2275)
4(2275 2276 2295 2294)
4(2294 2295 2314 2313)
4(2313 2314 2333 2332)
4(2332 2333 2352 2351)
4(2351 2352 2371 2370)
4(2370 2371 2390 2389)
4(2389 2390 2409 2408)
4(2408 2409 2428 2427)
4(790 791 2125 2124)
4(2124 2125 2144 2143)
4(2143 2144 2163 2162)
4(2162 2163 2182 2181)
4(2181 2182 2201 2200)
4(2200 2201 2220 2219)
4(2219 2220 2239 2238)
4(2238 2239 2258 2257)
4(2257 2258 2277 2276)
4(2276 2277 2296 2295)
4(2295 2296 2315 2314)
4(2314 2315 2334 2333)
4(2333 2334 2353 2352)
4(2352 2353 2372 2371)
4(2371 2372 2391 2390)
4(2390 2391 2410 2409)
4(2409 2410 2429 2428)
4(1192 1617 1618 1193)
4(1193 1618 1619 1194)
4(1194 1619 1620 1195)
4(1195 1620 1621 1196)
4(1196 1621 1622 1197)
4(1197 1622 1623 1198)
4(1198 1623 1624 1199)
4(1200 1625 1626 1201)
4(1201 1626 1627 1202)
4(1202 1627 1628 1203)
4(1203 1628 1629 1204)
4(1204 1629 1630 1205)
4(1205 1630 1631 1206)
4(1206 1631 1632 1207)
4(1207 1632 1633 1208)
4(1208 1633 1634 1209)
4(1209 1634 1635 1210)
4(1210 1635 1636 1211)
4(1211 1636 1637 1212)
4(1212 1637 1638 1213)
4(1213 1638 1639 1214)
4(1214 1639 1640 1215)
4(1192 1216 1641 1617)
4(1215 1640 1641 1216)
4(1199 1624 1780 1709)
4(1709 1780 1781 1710)
4(1710 1781 1782 1711)
4(1711 1782 1783 1712)
4(1712 1783 2411 2088)
4(2088 2411 2412 2089)
4(2089 2412 2413 2090)
4(2090 2413 2414 2091)
4(2091 2414 2415 2092)
4(2092 2415 2416 2093)
4(2093 2416 2417 2094)
4(2094 2417 2418 2095)
4(2095 2418 2419 2096)
4(2096 2419 2420 2097)
4(2097 2420 2421 2098)
4(2098 2421 2422 2099)
4(2099 2422 2423 2100)
4(2100 2423 2424 2101)
4(2101 2424 2425 2102)
4(2102 2425 2426 2103)
4(2103 2426 2427 2104)
4(2104 2427 2428 2105)
4(2105 2428 2429 2106)
)


// ************************************************************************* //
