/*--------------------------------*- C++ -*----------------------------------*\
| =========                 |                                                 |
| \\      /  F ield         | OpenFOAM: The Open Source CFD Toolbox           |
|  \\    /   O peration     | Version:  v1712                                 |
|   \\  /    A nd           | Web:      www.OpenFOAM.com                      |
|    \\/     M anipulation  |                                                 |
\*---------------------------------------------------------------------------*/
FoamFile
{
    version     2.0;
    format      ascii;
    class       labelList;
    note        "nPoints: 2430 nCells: 1134 nFaces: 4616 nInternalFaces: 2188";
    location    "constant/polyMesh";
    object      neighbour;
}
// * * * * * * * * * * * * * * * * * * * * * * * * * * * * * * * * * * * * * //


2188
(
1
23
2
24
3
25
4
26
5
27
6
28
7
29
8
30
9
31
10
32
11
33
12
34
13
35
14
36
15
37
16
38
17
39
18
40
19
41
20
42
21
43
22
44
45
24
46
25
47
26
48
27
49
28
50
29
51
30
52
31
53
32
54
33
55
34
56
35
57
36
58
37
59
38
60
39
61
40
62
41
63
42
64
43
65
44
66
45
67
68
47
69
48
70
49
71
50
72
51
73
52
74
53
75
54
76
55
77
56
78
57
79
58
80
59
81
60
82
61
83
62
84
63
85
64
86
65
87
66
88
67
89
68
90
91
70
92
71
93
72
94
73
95
74
96
75
97
76
98
77
99
78
100
79
101
80
102
81
103
82
104
83
105
84
106
85
107
86
108
87
109
88
110
89
111
90
112
91
113
114
93
115
94
116
95
117
96
118
97
119
98
120
99
121
100
122
101
123
102
124
103
125
104
126
105
127
106
128
107
129
108
130
109
131
110
132
111
133
112
134
113
135
114
136
137
116
138
117
139
118
140
119
141
120
142
121
143
122
144
123
145
124
146
125
147
126
148
127
149
128
150
129
151
130
152
131
153
132
154
133
155
134
156
135
157
136
158
137
159
160
139
161
140
162
141
163
142
164
143
165
144
166
145
167
146
168
147
169
148
170
149
171
150
172
151
173
152
174
153
175
154
176
155
177
156
178
157
179
158
180
159
181
160
182
183
162
336
163
337
164
338
165
339
166
340
167
341
168
342
169
343
170
344
171
345
172
346
173
347
174
348
175
349
176
350
177
351
178
352
179
353
180
354
181
355
182
356
183
357
358
185
203
186
204
187
205
188
206
189
207
190
208
191
209
192
210
193
211
194
212
195
213
196
214
197
215
198
216
199
217
200
218
201
219
202
220
221
204
222
205
223
206
224
207
225
208
226
209
227
210
228
211
229
212
230
213
231
214
232
215
233
216
234
217
235
218
236
219
237
220
238
221
239
240
223
241
224
242
225
243
226
244
227
245
228
246
229
247
230
248
231
249
232
250
233
251
234
252
235
253
236
254
237
255
238
256
239
257
240
258
259
242
260
243
261
244
262
245
263
246
264
247
265
248
266
249
267
250
268
251
269
252
270
253
271
254
272
255
273
256
274
257
275
258
276
259
277
278
261
279
262
280
263
281
264
282
265
283
266
284
267
285
268
286
269
287
270
288
271
289
272
290
273
291
274
292
275
293
276
294
277
295
278
296
297
280
298
281
299
282
300
283
301
284
302
285
303
286
304
287
305
288
306
289
307
290
308
291
309
292
310
293
311
294
312
295
313
296
314
297
315
316
299
317
300
318
301
319
302
320
303
321
304
322
305
323
306
324
307
325
308
326
309
327
310
328
311
329
312
330
313
331
314
332
315
333
316
334
335
318
811
319
812
320
813
321
814
322
815
323
816
324
817
325
818
326
819
327
820
328
821
329
822
330
823
331
824
332
825
333
826
334
827
335
828
829
337
359
338
360
339
361
340
362
341
363
342
364
343
365
344
366
345
367
346
368
347
369
348
370
349
371
350
372
351
373
352
374
353
375
354
376
355
377
356
378
357
379
358
380
381
743
360
382
361
383
362
384
363
385
364
386
365
387
366
388
367
389
368
390
369
391
370
392
371
393
372
394
373
395
374
396
375
397
376
398
377
399
378
400
379
401
380
402
381
403
404
747
383
405
384
406
385
407
386
408
387
409
388
410
389
411
390
412
391
413
392
414
393
415
394
416
395
417
396
418
397
419
398
420
399
421
400
422
401
423
402
424
403
425
404
426
427
751
406
428
407
429
408
430
409
431
410
432
411
433
412
434
413
435
414
436
415
437
416
438
417
439
418
440
419
441
420
442
421
443
422
444
423
445
424
446
425
447
426
448
427
449
450
755
429
451
430
452
431
453
432
454
433
455
434
456
435
457
436
458
437
459
438
460
439
461
440
462
441
463
442
464
443
465
444
466
445
467
446
468
447
469
448
470
449
471
450
472
473
759
452
474
453
475
454
476
455
477
456
478
457
479
458
480
459
481
460
482
461
483
462
484
463
485
464
486
465
487
466
488
467
489
468
490
469
491
470
492
471
493
472
494
473
495
496
763
475
497
476
498
477
499
478
500
479
501
480
502
481
503
482
504
483
505
484
506
485
507
486
508
487
509
488
510
489
511
490
512
491
513
492
514
493
515
494
516
495
517
496
518
519
767
498
520
499
521
500
522
501
523
502
524
503
525
504
526
505
527
506
528
507
529
508
530
509
531
510
532
511
533
512
534
513
535
514
536
515
537
516
538
517
539
518
540
519
541
542
771
521
543
522
544
523
545
524
546
525
547
526
548
527
549
528
550
529
551
530
552
531
553
532
554
533
555
534
556
535
557
536
558
537
559
538
560
539
561
540
562
541
563
542
564
565
775
544
566
545
567
546
568
547
569
548
570
549
571
550
572
551
573
552
574
553
575
554
576
555
577
556
578
557
579
558
580
559
581
560
582
561
583
562
584
563
585
564
586
565
587
588
779
567
589
568
590
569
591
570
592
571
593
572
594
573
595
574
596
575
597
576
598
577
599
578
600
579
601
580
602
581
603
582
604
583
605
584
606
585
607
586
608
587
609
588
610
611
783
590
612
591
613
592
614
593
615
594
616
595
617
596
618
597
619
598
620
599
621
600
622
601
623
602
624
603
625
604
626
605
627
606
628
607
629
608
630
609
631
610
632
611
633
634
787
613
635
614
636
615
637
616
638
617
639
618
640
619
641
620
642
621
643
622
644
623
645
624
646
625
647
626
648
627
649
628
650
629
651
630
652
631
653
632
654
633
655
634
656
657
791
636
658
637
659
638
660
639
661
640
662
641
663
642
664
643
665
644
666
645
667
646
668
647
669
648
670
649
671
650
672
651
673
652
674
653
675
654
676
655
677
656
678
657
679
680
795
659
681
660
682
661
683
662
684
663
685
664
686
665
687
666
688
667
689
668
690
669
691
670
692
671
693
672
694
673
695
674
696
675
697
676
698
677
699
678
700
679
701
680
702
703
799
682
704
683
705
684
706
685
707
686
708
687
709
688
710
689
711
690
712
691
713
692
714
693
715
694
716
695
717
696
718
697
719
698
720
699
721
700
722
701
723
702
724
703
725
726
803
705
727
706
728
707
729
708
730
709
731
710
732
711
733
712
734
713
735
714
736
715
737
716
738
717
739
718
740
719
741
720
742
721
722
723
724
725
726
807
728
729
730
731
732
733
734
735
736
737
738
739
740
741
742
744
747
745
748
746
749
750
811
748
751
749
752
750
753
754
830
752
755
753
756
754
757
758
849
756
759
757
760
758
761
762
868
760
763
761
764
762
765
766
887
764
767
765
768
766
769
770
906
768
771
769
772
770
773
774
925
772
775
773
776
774
777
778
944
776
779
777
780
778
781
782
963
780
783
781
784
782
785
786
982
784
787
785
788
786
789
790
1001
788
791
789
792
790
793
794
1020
792
795
793
796
794
797
798
1039
796
799
797
800
798
801
802
1058
800
803
801
804
802
805
806
1077
804
807
805
808
806
809
810
1096
808
809
810
1115
812
830
813
831
814
832
815
833
816
834
817
835
818
836
819
837
820
838
821
839
822
840
823
841
824
842
825
843
826
844
827
845
828
846
829
847
848
831
849
832
850
833
851
834
852
835
853
836
854
837
855
838
856
839
857
840
858
841
859
842
860
843
861
844
862
845
863
846
864
847
865
848
866
867
850
868
851
869
852
870
853
871
854
872
855
873
856
874
857
875
858
876
859
877
860
878
861
879
862
880
863
881
864
882
865
883
866
884
867
885
886
869
887
870
888
871
889
872
890
873
891
874
892
875
893
876
894
877
895
878
896
879
897
880
898
881
899
882
900
883
901
884
902
885
903
886
904
905
888
906
889
907
890
908
891
909
892
910
893
911
894
912
895
913
896
914
897
915
898
916
899
917
900
918
901
919
902
920
903
921
904
922
905
923
924
907
925
908
926
909
927
910
928
911
929
912
930
913
931
914
932
915
933
916
934
917
935
918
936
919
937
920
938
921
939
922
940
923
941
924
942
943
926
944
927
945
928
946
929
947
930
948
931
949
932
950
933
951
934
952
935
953
936
954
937
955
938
956
939
957
940
958
941
959
942
960
943
961
962
945
963
946
964
947
965
948
966
949
967
950
968
951
969
952
970
953
971
954
972
955
973
956
974
957
975
958
976
959
977
960
978
961
979
962
980
981
964
982
965
983
966
984
967
985
968
986
969
987
970
988
971
989
972
990
973
991
974
992
975
993
976
994
977
995
978
996
979
997
980
998
981
999
1000
983
1001
984
1002
985
1003
986
1004
987
1005
988
1006
989
1007
990
1008
991
1009
992
1010
993
1011
994
1012
995
1013
996
1014
997
1015
998
1016
999
1017
1000
1018
1019
1002
1020
1003
1021
1004
1022
1005
1023
1006
1024
1007
1025
1008
1026
1009
1027
1010
1028
1011
1029
1012
1030
1013
1031
1014
1032
1015
1033
1016
1034
1017
1035
1018
1036
1019
1037
1038
1021
1039
1022
1040
1023
1041
1024
1042
1025
1043
1026
1044
1027
1045
1028
1046
1029
1047
1030
1048
1031
1049
1032
1050
1033
1051
1034
1052
1035
1053
1036
1054
1037
1055
1038
1056
1057
1040
1058
1041
1059
1042
1060
1043
1061
1044
1062
1045
1063
1046
1064
1047
1065
1048
1066
1049
1067
1050
1068
1051
1069
1052
1070
1053
1071
1054
1072
1055
1073
1056
1074
1057
1075
1076
1059
1077
1060
1078
1061
1079
1062
1080
1063
1081
1064
1082
1065
1083
1066
1084
1067
1085
1068
1086
1069
1087
1070
1088
1071
1089
1072
1090
1073
1091
1074
1092
1075
1093
1076
1094
1095
1078
1096
1079
1097
1080
1098
1081
1099
1082
1100
1083
1101
1084
1102
1085
1103
1086
1104
1087
1105
1088
1106
1089
1107
1090
1108
1091
1109
1092
1110
1093
1111
1094
1112
1095
1113
1114
1097
1115
1098
1116
1099
1117
1100
1118
1101
1119
1102
1120
1103
1121
1104
1122
1105
1123
1106
1124
1107
1125
1108
1126
1109
1127
1110
1128
1111
1129
1112
1130
1113
1131
1114
1132
1133
1116
1117
1118
1119
1120
1121
1122
1123
1124
1125
1126
1127
1128
1129
1130
1131
1132
1133
)


// ************************************************************************* //
