/*--------------------------------*- C++ -*----------------------------------*\
| =========                 |                                                 |
| \\      /  F ield         | OpenFOAM: The Open Source CFD Toolbox           |
|  \\    /   O peration     | Version:  v1712                                 |
|   \\  /    A nd           | Web:      www.OpenFOAM.com                      |
|    \\/     M anipulation  |                                                 |
\*---------------------------------------------------------------------------*/
FoamFile
{
    version     2.0;
    format      ascii;
    class       labelList;
    note        "nPoints: 2430 nCells: 1134 nFaces: 4616 nInternalFaces: 2188";
    location    "constant/polyMesh";
    object      owner;
}
// * * * * * * * * * * * * * * * * * * * * * * * * * * * * * * * * * * * * * //


4616
(
0
0
1
1
2
2
3
3
4
4
5
5
6
6
7
7
8
8
9
9
10
10
11
11
12
12
13
13
14
14
15
15
16
16
17
17
18
18
19
19
20
20
21
21
22
23
23
24
24
25
25
26
26
27
27
28
28
29
29
30
30
31
31
32
32
33
33
34
34
35
35
36
36
37
37
38
38
39
39
40
40
41
41
42
42
43
43
44
44
45
46
46
47
47
48
48
49
49
50
50
51
51
52
52
53
53
54
54
55
55
56
56
57
57
58
58
59
59
60
60
61
61
62
62
63
63
64
64
65
65
66
66
67
67
68
69
69
70
70
71
71
72
72
73
73
74
74
75
75
76
76
77
77
78
78
79
79
80
80
81
81
82
82
83
83
84
84
85
85
86
86
87
87
88
88
89
89
90
90
91
92
92
93
93
94
94
95
95
96
96
97
97
98
98
99
99
100
100
101
101
102
102
103
103
104
104
105
105
106
106
107
107
108
108
109
109
110
110
111
111
112
112
113
113
114
115
115
116
116
117
117
118
118
119
119
120
120
121
121
122
122
123
123
124
124
125
125
126
126
127
127
128
128
129
129
130
130
131
131
132
132
133
133
134
134
135
135
136
136
137
138
138
139
139
140
140
141
141
142
142
143
143
144
144
145
145
146
146
147
147
148
148
149
149
150
150
151
151
152
152
153
153
154
154
155
155
156
156
157
157
158
158
159
159
160
161
161
162
162
163
163
164
164
165
165
166
166
167
167
168
168
169
169
170
170
171
171
172
172
173
173
174
174
175
175
176
176
177
177
178
178
179
179
180
180
181
181
182
182
183
184
184
185
185
186
186
187
187
188
188
189
189
190
190
191
191
192
192
193
193
194
194
195
195
196
196
197
197
198
198
199
199
200
200
201
201
202
203
203
204
204
205
205
206
206
207
207
208
208
209
209
210
210
211
211
212
212
213
213
214
214
215
215
216
216
217
217
218
218
219
219
220
220
221
222
222
223
223
224
224
225
225
226
226
227
227
228
228
229
229
230
230
231
231
232
232
233
233
234
234
235
235
236
236
237
237
238
238
239
239
240
241
241
242
242
243
243
244
244
245
245
246
246
247
247
248
248
249
249
250
250
251
251
252
252
253
253
254
254
255
255
256
256
257
257
258
258
259
260
260
261
261
262
262
263
263
264
264
265
265
266
266
267
267
268
268
269
269
270
270
271
271
272
272
273
273
274
274
275
275
276
276
277
277
278
279
279
280
280
281
281
282
282
283
283
284
284
285
285
286
286
287
287
288
288
289
289
290
290
291
291
292
292
293
293
294
294
295
295
296
296
297
298
298
299
299
300
300
301
301
302
302
303
303
304
304
305
305
306
306
307
307
308
308
309
309
310
310
311
311
312
312
313
313
314
314
315
315
316
317
317
318
318
319
319
320
320
321
321
322
322
323
323
324
324
325
325
326
326
327
327
328
328
329
329
330
330
331
331
332
332
333
333
334
334
335
336
336
337
337
338
338
339
339
340
340
341
341
342
342
343
343
344
344
345
345
346
346
347
347
348
348
349
349
350
350
351
351
352
352
353
353
354
354
355
355
356
356
357
357
358
358
359
359
360
360
361
361
362
362
363
363
364
364
365
365
366
366
367
367
368
368
369
369
370
370
371
371
372
372
373
373
374
374
375
375
376
376
377
377
378
378
379
379
380
380
381
381
382
382
383
383
384
384
385
385
386
386
387
387
388
388
389
389
390
390
391
391
392
392
393
393
394
394
395
395
396
396
397
397
398
398
399
399
400
400
401
401
402
402
403
403
404
404
405
405
406
406
407
407
408
408
409
409
410
410
411
411
412
412
413
413
414
414
415
415
416
416
417
417
418
418
419
419
420
420
421
421
422
422
423
423
424
424
425
425
426
426
427
427
428
428
429
429
430
430
431
431
432
432
433
433
434
434
435
435
436
436
437
437
438
438
439
439
440
440
441
441
442
442
443
443
444
444
445
445
446
446
447
447
448
448
449
449
450
450
451
451
452
452
453
453
454
454
455
455
456
456
457
457
458
458
459
459
460
460
461
461
462
462
463
463
464
464
465
465
466
466
467
467
468
468
469
469
470
470
471
471
472
472
473
473
474
474
475
475
476
476
477
477
478
478
479
479
480
480
481
481
482
482
483
483
484
484
485
485
486
486
487
487
488
488
489
489
490
490
491
491
492
492
493
493
494
494
495
495
496
496
497
497
498
498
499
499
500
500
501
501
502
502
503
503
504
504
505
505
506
506
507
507
508
508
509
509
510
510
511
511
512
512
513
513
514
514
515
515
516
516
517
517
518
518
519
519
520
520
521
521
522
522
523
523
524
524
525
525
526
526
527
527
528
528
529
529
530
530
531
531
532
532
533
533
534
534
535
535
536
536
537
537
538
538
539
539
540
540
541
541
542
542
543
543
544
544
545
545
546
546
547
547
548
548
549
549
550
550
551
551
552
552
553
553
554
554
555
555
556
556
557
557
558
558
559
559
560
560
561
561
562
562
563
563
564
564
565
565
566
566
567
567
568
568
569
569
570
570
571
571
572
572
573
573
574
574
575
575
576
576
577
577
578
578
579
579
580
580
581
581
582
582
583
583
584
584
585
585
586
586
587
587
588
588
589
589
590
590
591
591
592
592
593
593
594
594
595
595
596
596
597
597
598
598
599
599
600
600
601
601
602
602
603
603
604
604
605
605
606
606
607
607
608
608
609
609
610
610
611
611
612
612
613
613
614
614
615
615
616
616
617
617
618
618
619
619
620
620
621
621
622
622
623
623
624
624
625
625
626
626
627
627
628
628
629
629
630
630
631
631
632
632
633
633
634
634
635
635
636
636
637
637
638
638
639
639
640
640
641
641
642
642
643
643
644
644
645
645
646
646
647
647
648
648
649
649
650
650
651
651
652
652
653
653
654
654
655
655
656
656
657
657
658
658
659
659
660
660
661
661
662
662
663
663
664
664
665
665
666
666
667
667
668
668
669
669
670
670
671
671
672
672
673
673
674
674
675
675
676
676
677
677
678
678
679
679
680
680
681
681
682
682
683
683
684
684
685
685
686
686
687
687
688
688
689
689
690
690
691
691
692
692
693
693
694
694
695
695
696
696
697
697
698
698
699
699
700
700
701
701
702
702
703
703
704
704
705
705
706
706
707
707
708
708
709
709
710
710
711
711
712
712
713
713
714
714
715
715
716
716
717
717
718
718
719
719
720
721
722
723
724
725
726
727
728
729
730
731
732
733
734
735
736
737
738
739
740
741
743
743
744
744
745
745
746
746
747
747
748
748
749
749
750
750
751
751
752
752
753
753
754
754
755
755
756
756
757
757
758
758
759
759
760
760
761
761
762
762
763
763
764
764
765
765
766
766
767
767
768
768
769
769
770
770
771
771
772
772
773
773
774
774
775
775
776
776
777
777
778
778
779
779
780
780
781
781
782
782
783
783
784
784
785
785
786
786
787
787
788
788
789
789
790
790
791
791
792
792
793
793
794
794
795
795
796
796
797
797
798
798
799
799
800
800
801
801
802
802
803
803
804
804
805
805
806
806
807
808
809
810
811
811
812
812
813
813
814
814
815
815
816
816
817
817
818
818
819
819
820
820
821
821
822
822
823
823
824
824
825
825
826
826
827
827
828
828
829
830
830
831
831
832
832
833
833
834
834
835
835
836
836
837
837
838
838
839
839
840
840
841
841
842
842
843
843
844
844
845
845
846
846
847
847
848
849
849
850
850
851
851
852
852
853
853
854
854
855
855
856
856
857
857
858
858
859
859
860
860
861
861
862
862
863
863
864
864
865
865
866
866
867
868
868
869
869
870
870
871
871
872
872
873
873
874
874
875
875
876
876
877
877
878
878
879
879
880
880
881
881
882
882
883
883
884
884
885
885
886
887
887
888
888
889
889
890
890
891
891
892
892
893
893
894
894
895
895
896
896
897
897
898
898
899
899
900
900
901
901
902
902
903
903
904
904
905
906
906
907
907
908
908
909
909
910
910
911
911
912
912
913
913
914
914
915
915
916
916
917
917
918
918
919
919
920
920
921
921
922
922
923
923
924
925
925
926
926
927
927
928
928
929
929
930
930
931
931
932
932
933
933
934
934
935
935
936
936
937
937
938
938
939
939
940
940
941
941
942
942
943
944
944
945
945
946
946
947
947
948
948
949
949
950
950
951
951
952
952
953
953
954
954
955
955
956
956
957
957
958
958
959
959
960
960
961
961
962
963
963
964
964
965
965
966
966
967
967
968
968
969
969
970
970
971
971
972
972
973
973
974
974
975
975
976
976
977
977
978
978
979
979
980
980
981
982
982
983
983
984
984
985
985
986
986
987
987
988
988
989
989
990
990
991
991
992
992
993
993
994
994
995
995
996
996
997
997
998
998
999
999
1000
1001
1001
1002
1002
1003
1003
1004
1004
1005
1005
1006
1006
1007
1007
1008
1008
1009
1009
1010
1010
1011
1011
1012
1012
1013
1013
1014
1014
1015
1015
1016
1016
1017
1017
1018
1018
1019
1020
1020
1021
1021
1022
1022
1023
1023
1024
1024
1025
1025
1026
1026
1027
1027
1028
1028
1029
1029
1030
1030
1031
1031
1032
1032
1033
1033
1034
1034
1035
1035
1036
1036
1037
1037
1038
1039
1039
1040
1040
1041
1041
1042
1042
1043
1043
1044
1044
1045
1045
1046
1046
1047
1047
1048
1048
1049
1049
1050
1050
1051
1051
1052
1052
1053
1053
1054
1054
1055
1055
1056
1056
1057
1058
1058
1059
1059
1060
1060
1061
1061
1062
1062
1063
1063
1064
1064
1065
1065
1066
1066
1067
1067
1068
1068
1069
1069
1070
1070
1071
1071
1072
1072
1073
1073
1074
1074
1075
1075
1076
1077
1077
1078
1078
1079
1079
1080
1080
1081
1081
1082
1082
1083
1083
1084
1084
1085
1085
1086
1086
1087
1087
1088
1088
1089
1089
1090
1090
1091
1091
1092
1092
1093
1093
1094
1094
1095
1096
1096
1097
1097
1098
1098
1099
1099
1100
1100
1101
1101
1102
1102
1103
1103
1104
1104
1105
1105
1106
1106
1107
1107
1108
1108
1109
1109
1110
1110
1111
1111
1112
1112
1113
1113
1114
1115
1116
1117
1118
1119
1120
1121
1122
1123
1124
1125
1126
1127
1128
1129
1130
1131
1132
0
23
46
69
92
115
138
161
336
359
382
405
428
451
474
497
520
543
566
589
612
635
658
681
704
727
202
221
240
259
278
297
316
335
829
848
867
886
905
924
943
962
981
1000
1019
1038
1057
1076
1095
1114
1133
0
1
2
3
4
5
6
7
8
9
10
11
12
13
14
15
16
17
18
19
20
21
22
22
45
68
91
114
137
160
183
743
744
745
746
184
203
222
241
260
279
298
317
184
185
186
187
188
189
190
191
192
193
194
195
196
197
198
199
200
201
202
0
23
46
69
92
115
138
161
1
24
47
70
93
116
139
162
2
25
48
71
94
117
140
163
3
26
49
72
95
118
141
164
4
27
50
73
96
119
142
165
5
28
51
74
97
120
143
166
6
29
52
75
98
121
144
167
7
30
53
76
99
122
145
168
8
31
54
77
100
123
146
169
9
32
55
78
101
124
147
170
10
33
56
79
102
125
148
171
11
34
57
80
103
126
149
172
12
35
58
81
104
127
150
173
13
36
59
82
105
128
151
174
14
37
60
83
106
129
152
175
15
38
61
84
107
130
153
176
16
39
62
85
108
131
154
177
17
40
63
86
109
132
155
178
18
41
64
87
110
133
156
179
19
42
65
88
111
134
157
180
20
43
66
89
112
135
158
181
21
44
67
90
113
136
159
182
22
45
68
91
114
137
160
183
0
23
46
69
92
115
138
161
1
24
47
70
93
116
139
162
2
25
48
71
94
117
140
163
3
26
49
72
95
118
141
164
4
27
50
73
96
119
142
165
5
28
51
74
97
120
143
166
6
29
52
75
98
121
144
167
7
30
53
76
99
122
145
168
8
31
54
77
100
123
146
169
9
32
55
78
101
124
147
170
10
33
56
79
102
125
148
171
11
34
57
80
103
126
149
172
12
35
58
81
104
127
150
173
13
36
59
82
105
128
151
174
14
37
60
83
106
129
152
175
15
38
61
84
107
130
153
176
16
39
62
85
108
131
154
177
17
40
63
86
109
132
155
178
18
41
64
87
110
133
156
179
19
42
65
88
111
134
157
180
20
43
66
89
112
135
158
181
21
44
67
90
113
136
159
182
22
45
68
91
114
137
160
183
184
203
222
241
260
279
298
317
185
204
223
242
261
280
299
318
186
205
224
243
262
281
300
319
187
206
225
244
263
282
301
320
188
207
226
245
264
283
302
321
189
208
227
246
265
284
303
322
190
209
228
247
266
285
304
323
191
210
229
248
267
286
305
324
192
211
230
249
268
287
306
325
193
212
231
250
269
288
307
326
194
213
232
251
270
289
308
327
195
214
233
252
271
290
309
328
196
215
234
253
272
291
310
329
197
216
235
254
273
292
311
330
198
217
236
255
274
293
312
331
199
218
237
256
275
294
313
332
200
219
238
257
276
295
314
333
201
220
239
258
277
296
315
334
202
221
240
259
278
297
316
335
184
203
222
241
260
279
298
317
185
204
223
242
261
280
299
318
186
205
224
243
262
281
300
319
187
206
225
244
263
282
301
320
188
207
226
245
264
283
302
321
189
208
227
246
265
284
303
322
190
209
228
247
266
285
304
323
191
210
229
248
267
286
305
324
192
211
230
249
268
287
306
325
193
212
231
250
269
288
307
326
194
213
232
251
270
289
308
327
195
214
233
252
271
290
309
328
196
215
234
253
272
291
310
329
197
216
235
254
273
292
311
330
198
217
236
255
274
293
312
331
199
218
237
256
275
294
313
332
200
219
238
257
276
295
314
333
201
220
239
258
277
296
315
334
202
221
240
259
278
297
316
335
336
359
382
405
428
451
474
497
520
543
566
589
612
635
658
681
704
727
337
360
383
406
429
452
475
498
521
544
567
590
613
636
659
682
705
728
338
361
384
407
430
453
476
499
522
545
568
591
614
637
660
683
706
729
339
362
385
408
431
454
477
500
523
546
569
592
615
638
661
684
707
730
340
363
386
409
432
455
478
501
524
547
570
593
616
639
662
685
708
731
341
364
387
410
433
456
479
502
525
548
571
594
617
640
663
686
709
732
342
365
388
411
434
457
480
503
526
549
572
595
618
641
664
687
710
733
343
366
389
412
435
458
481
504
527
550
573
596
619
642
665
688
711
734
344
367
390
413
436
459
482
505
528
551
574
597
620
643
666
689
712
735
345
368
391
414
437
460
483
506
529
552
575
598
621
644
667
690
713
736
346
369
392
415
438
461
484
507
530
553
576
599
622
645
668
691
714
737
347
370
393
416
439
462
485
508
531
554
577
600
623
646
669
692
715
738
348
371
394
417
440
463
486
509
532
555
578
601
624
647
670
693
716
739
349
372
395
418
441
464
487
510
533
556
579
602
625
648
671
694
717
740
350
373
396
419
442
465
488
511
534
557
580
603
626
649
672
695
718
741
351
374
397
420
443
466
489
512
535
558
581
604
627
650
673
696
719
742
352
375
398
421
444
467
490
513
536
559
582
605
628
651
674
697
720
353
376
399
422
445
468
491
514
537
560
583
606
629
652
675
698
721
354
377
400
423
446
469
492
515
538
561
584
607
630
653
676
699
722
355
378
401
424
447
470
493
516
539
562
585
608
631
654
677
700
723
356
379
402
425
448
471
494
517
540
563
586
609
632
655
678
701
724
357
380
403
426
449
472
495
518
541
564
587
610
633
656
679
702
725
358
381
404
427
450
473
496
519
542
565
588
611
634
657
680
703
726
336
359
382
405
428
451
474
497
520
543
566
589
612
635
658
681
704
727
337
360
383
406
429
452
475
498
521
544
567
590
613
636
659
682
705
728
338
361
384
407
430
453
476
499
522
545
568
591
614
637
660
683
706
729
339
362
385
408
431
454
477
500
523
546
569
592
615
638
661
684
707
730
340
363
386
409
432
455
478
501
524
547
570
593
616
639
662
685
708
731
341
364
387
410
433
456
479
502
525
548
571
594
617
640
663
686
709
732
342
365
388
411
434
457
480
503
526
549
572
595
618
641
664
687
710
733
343
366
389
412
435
458
481
504
527
550
573
596
619
642
665
688
711
734
344
367
390
413
436
459
482
505
528
551
574
597
620
643
666
689
712
735
345
368
391
414
437
460
483
506
529
552
575
598
621
644
667
690
713
736
346
369
392
415
438
461
484
507
530
553
576
599
622
645
668
691
714
737
347
370
393
416
439
462
485
508
531
554
577
600
623
646
669
692
715
738
348
371
394
417
440
463
486
509
532
555
578
601
624
647
670
693
716
739
349
372
395
418
441
464
487
510
533
556
579
602
625
648
671
694
717
740
350
373
396
419
442
465
488
511
534
557
580
603
626
649
672
695
718
741
351
374
397
420
443
466
489
512
535
558
581
604
627
650
673
696
719
742
352
375
398
421
444
467
490
513
536
559
582
605
628
651
674
697
720
353
376
399
422
445
468
491
514
537
560
583
606
629
652
675
698
721
354
377
400
423
446
469
492
515
538
561
584
607
630
653
676
699
722
355
378
401
424
447
470
493
516
539
562
585
608
631
654
677
700
723
356
379
402
425
448
471
494
517
540
563
586
609
632
655
678
701
724
357
380
403
426
449
472
495
518
541
564
587
610
633
656
679
702
725
358
381
404
427
450
473
496
519
542
565
588
611
634
657
680
703
726
743
747
751
755
759
763
767
771
775
779
783
787
791
795
799
803
807
744
748
752
756
760
764
768
772
776
780
784
788
792
796
800
804
808
745
749
753
757
761
765
769
773
777
781
785
789
793
797
801
805
809
746
750
754
758
762
766
770
774
778
782
786
790
794
798
802
806
810
743
747
751
755
759
763
767
771
775
779
783
787
791
795
799
803
807
744
748
752
756
760
764
768
772
776
780
784
788
792
796
800
804
808
745
749
753
757
761
765
769
773
777
781
785
789
793
797
801
805
809
746
750
754
758
762
766
770
774
778
782
786
790
794
798
802
806
810
811
830
849
868
887
906
925
944
963
982
1001
1020
1039
1058
1077
1096
1115
812
831
850
869
888
907
926
945
964
983
1002
1021
1040
1059
1078
1097
1116
813
832
851
870
889
908
927
946
965
984
1003
1022
1041
1060
1079
1098
1117
814
833
852
871
890
909
928
947
966
985
1004
1023
1042
1061
1080
1099
1118
815
834
853
872
891
910
929
948
967
986
1005
1024
1043
1062
1081
1100
1119
816
835
854
873
892
911
930
949
968
987
1006
1025
1044
1063
1082
1101
1120
817
836
855
874
893
912
931
950
969
988
1007
1026
1045
1064
1083
1102
1121
818
837
856
875
894
913
932
951
970
989
1008
1027
1046
1065
1084
1103
1122
819
838
857
876
895
914
933
952
971
990
1009
1028
1047
1066
1085
1104
1123
820
839
858
877
896
915
934
953
972
991
1010
1029
1048
1067
1086
1105
1124
821
840
859
878
897
916
935
954
973
992
1011
1030
1049
1068
1087
1106
1125
822
841
860
879
898
917
936
955
974
993
1012
1031
1050
1069
1088
1107
1126
823
842
861
880
899
918
937
956
975
994
1013
1032
1051
1070
1089
1108
1127
824
843
862
881
900
919
938
957
976
995
1014
1033
1052
1071
1090
1109
1128
825
844
863
882
901
920
939
958
977
996
1015
1034
1053
1072
1091
1110
1129
826
845
864
883
902
921
940
959
978
997
1016
1035
1054
1073
1092
1111
1130
827
846
865
884
903
922
941
960
979
998
1017
1036
1055
1074
1093
1112
1131
828
847
866
885
904
923
942
961
980
999
1018
1037
1056
1075
1094
1113
1132
829
848
867
886
905
924
943
962
981
1000
1019
1038
1057
1076
1095
1114
1133
811
830
849
868
887
906
925
944
963
982
1001
1020
1039
1058
1077
1096
1115
812
831
850
869
888
907
926
945
964
983
1002
1021
1040
1059
1078
1097
1116
813
832
851
870
889
908
927
946
965
984
1003
1022
1041
1060
1079
1098
1117
814
833
852
871
890
909
928
947
966
985
1004
1023
1042
1061
1080
1099
1118
815
834
853
872
891
910
929
948
967
986
1005
1024
1043
1062
1081
1100
1119
816
835
854
873
892
911
930
949
968
987
1006
1025
1044
1063
1082
1101
1120
817
836
855
874
893
912
931
950
969
988
1007
1026
1045
1064
1083
1102
1121
818
837
856
875
894
913
932
951
970
989
1008
1027
1046
1065
1084
1103
1122
819
838
857
876
895
914
933
952
971
990
1009
1028
1047
1066
1085
1104
1123
820
839
858
877
896
915
934
953
972
991
1010
1029
1048
1067
1086
1105
1124
821
840
859
878
897
916
935
954
973
992
1011
1030
1049
1068
1087
1106
1125
822
841
860
879
898
917
936
955
974
993
1012
1031
1050
1069
1088
1107
1126
823
842
861
880
899
918
937
956
975
994
1013
1032
1051
1070
1089
1108
1127
824
843
862
881
900
919
938
957
976
995
1014
1033
1052
1071
1090
1109
1128
825
844
863
882
901
920
939
958
977
996
1015
1034
1053
1072
1091
1110
1129
826
845
864
883
902
921
940
959
978
997
1016
1035
1054
1073
1092
1111
1130
827
846
865
884
903
922
941
960
979
998
1017
1036
1055
1074
1093
1112
1131
828
847
866
885
904
923
942
961
980
999
1018
1037
1056
1075
1094
1113
1132
829
848
867
886
905
924
943
962
981
1000
1019
1038
1057
1076
1095
1114
1133
720
721
722
723
724
725
726
727
728
729
730
731
732
733
734
735
736
737
738
739
740
741
742
742
807
808
809
810
1115
1116
1117
1118
1119
1120
1121
1122
1123
1124
1125
1126
1127
1128
1129
1130
1131
1132
1133
)


// ************************************************************************* //
