/*--------------------------------*- C++ -*----------------------------------*\
| =========                 |                                                 |
| \\      /  F ield         | OpenFOAM: The Open Source CFD Toolbox           |
|  \\    /   O peration     | Version:  v1712                                 |
|   \\  /    A nd           | Web:      www.OpenFOAM.com                      |
|    \\/     M anipulation  |                                                 |
\*---------------------------------------------------------------------------*/
FoamFile
{
    version     2.0;
    format      ascii;
    class       faceList;
    location    "constant/polyMesh";
    object      faces;
}
// * * * * * * * * * * * * * * * * * * * * * * * * * * * * * * * * * * * * * //


4607
(
4(1 25 633 609)
4(24 632 633 25)
4(2 26 634 610)
4(25 633 634 26)
4(3 27 635 611)
4(26 634 635 27)
4(4 28 636 612)
4(27 635 636 28)
4(5 29 637 613)
4(28 636 637 29)
4(6 30 638 614)
4(29 637 638 30)
4(30 638 639 31)
4(7 31 639 615)
4(9 33 641 617)
4(32 640 641 33)
4(10 34 642 618)
4(33 641 642 34)
4(11 35 643 619)
4(34 642 643 35)
4(12 36 644 620)
4(35 643 644 36)
4(13 37 645 621)
4(36 644 645 37)
4(14 38 646 622)
4(37 645 646 38)
4(15 39 647 623)
4(38 646 647 39)
4(16 40 648 624)
4(39 647 648 40)
4(17 41 649 625)
4(40 648 649 41)
4(18 42 650 626)
4(41 649 650 42)
4(19 43 651 627)
4(42 650 651 43)
4(20 44 652 628)
4(43 651 652 44)
4(21 45 653 629)
4(44 652 653 45)
4(22 46 654 630)
4(45 653 654 46)
4(23 47 655 631)
4(46 654 655 47)
4(24 48 656 632)
4(47 655 656 48)
4(25 49 657 633)
4(48 656 657 49)
4(26 50 658 634)
4(49 657 658 50)
4(27 51 659 635)
4(50 658 659 51)
4(28 52 660 636)
4(51 659 660 52)
4(29 53 661 637)
4(52 660 661 53)
4(30 54 662 638)
4(53 661 662 54)
4(54 662 663 55)
4(31 55 663 639)
4(33 57 665 641)
4(56 664 665 57)
4(34 58 666 642)
4(57 665 666 58)
4(35 59 667 643)
4(58 666 667 59)
4(36 60 668 644)
4(59 667 668 60)
4(37 61 669 645)
4(60 668 669 61)
4(38 62 670 646)
4(61 669 670 62)
4(39 63 671 647)
4(62 670 671 63)
4(40 64 672 648)
4(63 671 672 64)
4(41 65 673 649)
4(64 672 673 65)
4(42 66 674 650)
4(65 673 674 66)
4(43 67 675 651)
4(66 674 675 67)
4(44 68 676 652)
4(67 675 676 68)
4(45 69 677 653)
4(68 676 677 69)
4(46 70 678 654)
4(69 677 678 70)
4(47 71 679 655)
4(70 678 679 71)
4(48 72 680 656)
4(71 679 680 72)
4(49 73 681 657)
4(72 680 681 73)
4(50 74 682 658)
4(73 681 682 74)
4(51 75 683 659)
4(74 682 683 75)
4(52 76 684 660)
4(75 683 684 76)
4(53 77 685 661)
4(76 684 685 77)
4(54 78 686 662)
4(77 685 686 78)
4(78 686 687 79)
4(55 79 687 663)
4(57 81 689 665)
4(80 688 689 81)
4(58 82 690 666)
4(81 689 690 82)
4(59 83 691 667)
4(82 690 691 83)
4(60 84 692 668)
4(83 691 692 84)
4(61 85 693 669)
4(84 692 693 85)
4(62 86 694 670)
4(85 693 694 86)
4(63 87 695 671)
4(86 694 695 87)
4(64 88 696 672)
4(87 695 696 88)
4(65 89 697 673)
4(88 696 697 89)
4(66 90 698 674)
4(89 697 698 90)
4(67 91 699 675)
4(90 698 699 91)
4(68 92 700 676)
4(91 699 700 92)
4(69 93 701 677)
4(92 700 701 93)
4(70 94 702 678)
4(93 701 702 94)
4(71 95 703 679)
4(94 702 703 95)
4(72 96 704 680)
4(95 703 704 96)
4(73 97 705 681)
4(96 704 705 97)
4(74 98 706 682)
4(97 705 706 98)
4(75 99 707 683)
4(98 706 707 99)
4(76 100 708 684)
4(99 707 708 100)
4(77 101 709 685)
4(100 708 709 101)
4(78 102 710 686)
4(101 709 710 102)
4(102 710 711 103)
4(79 103 711 687)
4(81 105 713 689)
4(104 712 713 105)
4(82 106 714 690)
4(105 713 714 106)
4(83 107 715 691)
4(106 714 715 107)
4(84 108 716 692)
4(107 715 716 108)
4(85 109 717 693)
4(108 716 717 109)
4(86 110 718 694)
4(109 717 718 110)
4(87 111 719 695)
4(110 718 719 111)
4(88 112 720 696)
4(111 719 720 112)
4(89 113 721 697)
4(112 720 721 113)
4(90 114 722 698)
4(113 721 722 114)
4(91 115 723 699)
4(114 722 723 115)
4(92 116 724 700)
4(115 723 724 116)
4(93 117 725 701)
4(116 724 725 117)
4(94 118 726 702)
4(117 725 726 118)
4(95 119 727 703)
4(118 726 727 119)
4(96 120 728 704)
4(119 727 728 120)
4(97 121 729 705)
4(120 728 729 121)
4(98 122 730 706)
4(121 729 730 122)
4(99 123 731 707)
4(122 730 731 123)
4(100 124 732 708)
4(123 731 732 124)
4(101 125 733 709)
4(124 732 733 125)
4(102 126 734 710)
4(125 733 734 126)
4(126 734 735 127)
4(103 127 735 711)
4(105 129 737 713)
4(128 736 737 129)
4(106 130 738 714)
4(129 737 738 130)
4(107 131 739 715)
4(130 738 739 131)
4(108 132 740 716)
4(131 739 740 132)
4(109 133 741 717)
4(132 740 741 133)
4(110 134 742 718)
4(133 741 742 134)
4(111 135 743 719)
4(134 742 743 135)
4(112 136 744 720)
4(135 743 744 136)
4(113 137 745 721)
4(136 744 745 137)
4(114 138 746 722)
4(137 745 746 138)
4(115 139 747 723)
4(138 746 747 139)
4(116 140 748 724)
4(139 747 748 140)
4(117 141 749 725)
4(140 748 749 141)
4(118 142 750 726)
4(141 749 750 142)
4(119 143 751 727)
4(142 750 751 143)
4(120 144 752 728)
4(143 751 752 144)
4(121 145 753 729)
4(144 752 753 145)
4(122 146 754 730)
4(145 753 754 146)
4(123 147 755 731)
4(146 754 755 147)
4(124 148 756 732)
4(147 755 756 148)
4(125 149 757 733)
4(148 756 757 149)
4(126 150 758 734)
4(149 757 758 150)
4(150 758 759 151)
4(127 151 759 735)
4(129 153 761 737)
4(152 760 761 153)
4(130 154 762 738)
4(153 761 762 154)
4(131 155 763 739)
4(154 762 763 155)
4(132 156 764 740)
4(155 763 764 156)
4(133 157 765 741)
4(156 764 765 157)
4(134 158 766 742)
4(157 765 766 158)
4(135 159 767 743)
4(158 766 767 159)
4(136 160 768 744)
4(159 767 768 160)
4(137 161 769 745)
4(160 768 769 161)
4(138 162 770 746)
4(161 769 770 162)
4(139 163 771 747)
4(162 770 771 163)
4(140 164 772 748)
4(163 771 772 164)
4(141 165 773 749)
4(164 772 773 165)
4(142 166 774 750)
4(165 773 774 166)
4(143 167 775 751)
4(166 774 775 167)
4(144 168 776 752)
4(167 775 776 168)
4(145 169 777 753)
4(168 776 777 169)
4(146 170 778 754)
4(169 777 778 170)
4(147 171 779 755)
4(170 778 779 171)
4(148 172 780 756)
4(171 779 780 172)
4(149 173 781 757)
4(172 780 781 173)
4(150 174 782 758)
4(173 781 782 174)
4(174 782 783 175)
4(151 175 783 759)
4(153 177 785 761)
4(176 784 785 177)
4(154 178 786 762)
4(177 785 786 178)
4(155 179 787 763)
4(178 786 787 179)
4(156 180 788 764)
4(179 787 788 180)
4(157 181 789 765)
4(180 788 789 181)
4(158 182 790 766)
4(181 789 790 182)
4(159 183 791 767)
4(182 790 791 183)
4(160 184 792 768)
4(183 791 792 184)
4(161 185 793 769)
4(184 792 793 185)
4(162 186 794 770)
4(185 793 794 186)
4(163 187 795 771)
4(186 794 795 187)
4(164 188 796 772)
4(187 795 796 188)
4(165 189 797 773)
4(188 796 797 189)
4(166 190 798 774)
4(189 797 798 190)
4(167 191 799 775)
4(190 798 799 191)
4(168 192 800 776)
4(191 799 800 192)
4(169 193 801 777)
4(192 800 801 193)
4(170 194 802 778)
4(193 801 802 194)
4(171 195 803 779)
4(194 802 803 195)
4(172 196 804 780)
4(195 803 804 196)
4(173 197 805 781)
4(196 804 805 197)
4(174 198 806 782)
4(197 805 806 198)
4(198 806 807 199)
4(175 199 807 783)
4(177 201 809 785)
4(200 808 809 201)
4(178 202 810 786)
4(201 809 810 202)
4(179 203 811 787)
4(202 810 811 203)
4(180 204 812 788)
4(203 811 812 204)
4(181 205 813 789)
4(204 812 813 205)
4(182 206 814 790)
4(205 813 814 206)
4(183 207 815 791)
4(206 814 815 207)
4(184 208 816 792)
4(207 815 816 208)
4(185 209 817 793)
4(208 816 817 209)
4(186 210 818 794)
4(209 817 818 210)
4(187 211 819 795)
4(210 818 819 211)
4(188 212 820 796)
4(211 819 820 212)
4(189 213 821 797)
4(212 820 821 213)
4(190 214 822 798)
4(213 821 822 214)
4(191 215 823 799)
4(214 822 823 215)
4(192 216 824 800)
4(215 823 824 216)
4(193 217 825 801)
4(216 824 825 217)
4(194 218 826 802)
4(217 825 826 218)
4(195 219 827 803)
4(218 826 827 219)
4(196 220 828 804)
4(219 827 828 220)
4(197 221 829 805)
4(220 828 829 221)
4(198 222 830 806)
4(221 829 830 222)
4(222 830 831 223)
4(199 223 831 807)
4(201 225 833 809)
4(224 832 833 225)
4(202 226 834 810)
4(225 833 834 226)
4(203 227 835 811)
4(226 834 835 227)
4(204 228 836 812)
4(227 835 836 228)
4(205 229 837 813)
4(228 836 837 229)
4(206 230 838 814)
4(229 837 838 230)
4(207 231 839 815)
4(230 838 839 231)
4(208 232 840 816)
4(231 839 840 232)
4(209 233 841 817)
4(232 840 841 233)
4(210 234 842 818)
4(233 841 842 234)
4(211 235 843 819)
4(234 842 843 235)
4(212 236 844 820)
4(235 843 844 236)
4(213 237 845 821)
4(236 844 845 237)
4(214 238 846 822)
4(237 845 846 238)
4(215 239 847 823)
4(238 846 847 239)
4(216 240 848 824)
4(239 847 848 240)
4(217 241 849 825)
4(240 848 849 241)
4(218 242 850 826)
4(241 849 850 242)
4(219 243 851 827)
4(242 850 851 243)
4(220 244 852 828)
4(243 851 852 244)
4(221 245 853 829)
4(244 852 853 245)
4(222 246 854 830)
4(245 853 854 246)
4(246 854 855 247)
4(223 247 855 831)
4(225 249 857 833)
4(248 856 857 249)
4(226 250 858 834)
4(249 857 858 250)
4(227 251 859 835)
4(250 858 859 251)
4(228 252 860 836)
4(251 859 860 252)
4(229 253 861 837)
4(252 860 861 253)
4(230 254 862 838)
4(253 861 862 254)
4(231 255 863 839)
4(254 862 863 255)
4(232 256 864 840)
4(255 863 864 256)
4(233 257 865 841)
4(256 864 865 257)
4(234 258 866 842)
4(257 865 866 258)
4(235 259 867 843)
4(258 866 867 259)
4(236 260 868 844)
4(259 867 868 260)
4(237 261 869 845)
4(260 868 869 261)
4(238 262 870 846)
4(261 869 870 262)
4(239 263 871 847)
4(262 870 871 263)
4(240 264 872 848)
4(263 871 872 264)
4(241 265 873 849)
4(264 872 873 265)
4(242 266 874 850)
4(265 873 874 266)
4(243 267 875 851)
4(266 874 875 267)
4(244 268 876 852)
4(267 875 876 268)
4(245 269 877 853)
4(268 876 877 269)
4(246 270 878 854)
4(269 877 878 270)
4(270 878 879 271)
4(247 271 879 855)
4(249 273 881 857)
4(272 880 881 273)
4(250 274 882 858)
4(273 881 882 274)
4(251 275 883 859)
4(274 882 883 275)
4(252 276 884 860)
4(275 883 884 276)
4(253 277 885 861)
4(276 884 885 277)
4(254 278 886 862)
4(277 885 886 278)
4(255 279 887 863)
4(278 886 887 279)
4(256 280 888 864)
4(279 887 888 280)
4(257 281 889 865)
4(280 888 889 281)
4(258 282 890 866)
4(281 889 890 282)
4(259 283 891 867)
4(282 890 891 283)
4(260 284 892 868)
4(283 891 892 284)
4(261 285 893 869)
4(284 892 893 285)
4(262 286 894 870)
4(285 893 894 286)
4(263 287 895 871)
4(286 894 895 287)
4(264 288 896 872)
4(287 895 896 288)
4(265 289 897 873)
4(288 896 897 289)
4(266 290 898 874)
4(289 897 898 290)
4(267 291 899 875)
4(290 898 899 291)
4(268 292 900 876)
4(291 899 900 292)
4(269 293 901 877)
4(292 900 901 293)
4(270 294 902 878)
4(293 901 902 294)
4(294 902 903 295)
4(271 295 903 879)
4(273 297 905 881)
4(296 904 905 297)
4(274 298 906 882)
4(297 905 906 298)
4(275 299 907 883)
4(298 906 907 299)
4(276 300 908 884)
4(299 907 908 300)
4(277 301 909 885)
4(300 908 909 301)
4(278 302 910 886)
4(301 909 910 302)
4(279 303 911 887)
4(302 910 911 303)
4(280 304 912 888)
4(303 911 912 304)
4(281 305 913 889)
4(304 912 913 305)
4(282 306 914 890)
4(305 913 914 306)
4(283 307 915 891)
4(306 914 915 307)
4(284 308 916 892)
4(307 915 916 308)
4(285 309 917 893)
4(308 916 917 309)
4(286 310 918 894)
4(309 917 918 310)
4(287 311 919 895)
4(310 918 919 311)
4(288 312 920 896)
4(311 919 920 312)
4(289 313 921 897)
4(312 920 921 313)
4(290 314 922 898)
4(313 921 922 314)
4(291 315 923 899)
4(314 922 923 315)
4(292 316 924 900)
4(315 923 924 316)
4(293 317 925 901)
4(316 924 925 317)
4(294 318 926 902)
4(317 925 926 318)
4(318 926 927 319)
4(295 319 927 903)
4(297 321 929 905)
4(320 928 929 321)
4(298 322 930 906)
4(321 929 930 322)
4(299 323 931 907)
4(322 930 931 323)
4(300 324 932 908)
4(323 931 932 324)
4(301 325 933 909)
4(324 932 933 325)
4(302 326 934 910)
4(325 933 934 326)
4(303 327 935 911)
4(326 934 935 327)
4(304 328 936 912)
4(327 935 936 328)
4(305 329 937 913)
4(328 936 937 329)
4(306 330 938 914)
4(329 937 938 330)
4(307 331 939 915)
4(330 938 939 331)
4(308 332 940 916)
4(331 939 940 332)
4(309 333 941 917)
4(332 940 941 333)
4(310 334 942 918)
4(333 941 942 334)
4(311 335 943 919)
4(334 942 943 335)
4(312 336 944 920)
4(335 943 944 336)
4(313 337 945 921)
4(336 944 945 337)
4(314 338 946 922)
4(337 945 946 338)
4(315 339 947 923)
4(338 946 947 339)
4(316 340 948 924)
4(339 947 948 340)
4(317 341 949 925)
4(340 948 949 341)
4(318 342 950 926)
4(341 949 950 342)
4(342 950 951 343)
4(319 343 951 927)
4(321 345 953 929)
4(344 952 953 345)
4(322 346 954 930)
4(345 953 954 346)
4(323 347 955 931)
4(346 954 955 347)
4(324 348 956 932)
4(347 955 956 348)
4(325 349 957 933)
4(348 956 957 349)
4(326 350 958 934)
4(349 957 958 350)
4(327 351 959 935)
4(350 958 959 351)
4(328 352 960 936)
4(351 959 960 352)
4(329 353 961 937)
4(352 960 961 353)
4(330 354 962 938)
4(353 961 962 354)
4(331 355 963 939)
4(354 962 963 355)
4(332 356 964 940)
4(355 963 964 356)
4(333 357 965 941)
4(356 964 965 357)
4(334 358 966 942)
4(357 965 966 358)
4(335 359 967 943)
4(358 966 967 359)
4(336 360 968 944)
4(359 967 968 360)
4(337 361 969 945)
4(360 968 969 361)
4(338 362 970 946)
4(361 969 970 362)
4(339 363 971 947)
4(362 970 971 363)
4(340 364 972 948)
4(363 971 972 364)
4(341 365 973 949)
4(364 972 973 365)
4(342 366 974 950)
4(365 973 974 366)
4(366 974 975 367)
4(343 367 975 951)
4(345 369 977 953)
4(368 976 977 369)
4(346 370 978 954)
4(369 977 978 370)
4(347 371 979 955)
4(370 978 979 371)
4(348 372 980 956)
4(371 979 980 372)
4(349 373 981 957)
4(372 980 981 373)
4(350 374 982 958)
4(373 981 982 374)
4(351 375 983 959)
4(374 982 983 375)
4(352 376 984 960)
4(375 983 984 376)
4(353 377 985 961)
4(376 984 985 377)
4(354 378 986 962)
4(377 985 986 378)
4(355 379 987 963)
4(378 986 987 379)
4(356 380 988 964)
4(379 987 988 380)
4(357 381 989 965)
4(380 988 989 381)
4(358 382 990 966)
4(381 989 990 382)
4(359 383 991 967)
4(382 990 991 383)
4(360 384 992 968)
4(383 991 992 384)
4(361 385 993 969)
4(384 992 993 385)
4(362 386 994 970)
4(385 993 994 386)
4(363 387 995 971)
4(386 994 995 387)
4(364 388 996 972)
4(387 995 996 388)
4(365 389 997 973)
4(388 996 997 389)
4(366 390 998 974)
4(389 997 998 390)
4(390 998 999 391)
4(367 391 999 975)
4(369 393 1001 977)
4(392 1000 1001 393)
4(370 394 1002 978)
4(393 1001 1002 394)
4(371 395 1003 979)
4(394 1002 1003 395)
4(372 396 1004 980)
4(395 1003 1004 396)
4(373 397 1005 981)
4(396 1004 1005 397)
4(374 398 1006 982)
4(397 1005 1006 398)
4(375 399 1007 983)
4(398 1006 1007 399)
4(376 400 1008 984)
4(399 1007 1008 400)
4(377 401 1009 985)
4(400 1008 1009 401)
4(378 402 1010 986)
4(401 1009 1010 402)
4(379 403 1011 987)
4(402 1010 1011 403)
4(380 404 1012 988)
4(403 1011 1012 404)
4(381 405 1013 989)
4(404 1012 1013 405)
4(382 406 1014 990)
4(405 1013 1014 406)
4(383 407 1015 991)
4(406 1014 1015 407)
4(384 408 1016 992)
4(407 1015 1016 408)
4(385 409 1017 993)
4(408 1016 1017 409)
4(386 410 1018 994)
4(409 1017 1018 410)
4(387 411 1019 995)
4(410 1018 1019 411)
4(388 412 1020 996)
4(411 1019 1020 412)
4(389 413 1021 997)
4(412 1020 1021 413)
4(390 414 1022 998)
4(413 1021 1022 414)
4(414 1022 1023 415)
4(391 415 1023 999)
4(393 417 1025 1001)
4(416 1024 1025 417)
4(394 418 1026 1002)
4(417 1025 1026 418)
4(395 419 1027 1003)
4(418 1026 1027 419)
4(396 420 1028 1004)
4(419 1027 1028 420)
4(397 421 1029 1005)
4(420 1028 1029 421)
4(398 422 1030 1006)
4(421 1029 1030 422)
4(399 423 1031 1007)
4(422 1030 1031 423)
4(400 424 1032 1008)
4(423 1031 1032 424)
4(401 425 1033 1009)
4(424 1032 1033 425)
4(402 426 1034 1010)
4(425 1033 1034 426)
4(403 427 1035 1011)
4(426 1034 1035 427)
4(404 428 1036 1012)
4(427 1035 1036 428)
4(405 429 1037 1013)
4(428 1036 1037 429)
4(406 430 1038 1014)
4(429 1037 1038 430)
4(407 431 1039 1015)
4(430 1038 1039 431)
4(408 432 1040 1016)
4(431 1039 1040 432)
4(409 433 1041 1017)
4(432 1040 1041 433)
4(410 434 1042 1018)
4(433 1041 1042 434)
4(411 435 1043 1019)
4(434 1042 1043 435)
4(412 436 1044 1020)
4(435 1043 1044 436)
4(413 437 1045 1021)
4(436 1044 1045 437)
4(414 438 1046 1022)
4(437 1045 1046 438)
4(438 1046 1047 439)
4(415 439 1047 1023)
4(417 441 1049 1025)
4(440 1048 1049 441)
4(418 442 1050 1026)
4(441 1049 1050 442)
4(419 443 1051 1027)
4(442 1050 1051 443)
4(420 444 1052 1028)
4(443 1051 1052 444)
4(421 445 1053 1029)
4(444 1052 1053 445)
4(422 446 1054 1030)
4(445 1053 1054 446)
4(423 447 1055 1031)
4(446 1054 1055 447)
4(424 448 1056 1032)
4(447 1055 1056 448)
4(425 449 1057 1033)
4(448 1056 1057 449)
4(426 450 1058 1034)
4(449 1057 1058 450)
4(427 451 1059 1035)
4(450 1058 1059 451)
4(428 452 1060 1036)
4(451 1059 1060 452)
4(429 453 1061 1037)
4(452 1060 1061 453)
4(430 454 1062 1038)
4(453 1061 1062 454)
4(431 455 1063 1039)
4(454 1062 1063 455)
4(432 456 1064 1040)
4(455 1063 1064 456)
4(433 457 1065 1041)
4(456 1064 1065 457)
4(434 458 1066 1042)
4(457 1065 1066 458)
4(435 459 1067 1043)
4(458 1066 1067 459)
4(436 460 1068 1044)
4(459 1067 1068 460)
4(437 461 1069 1045)
4(460 1068 1069 461)
4(438 462 1070 1046)
4(461 1069 1070 462)
4(462 1070 1071 463)
4(439 463 1071 1047)
4(441 465 1073 1049)
4(464 1072 1073 465)
4(442 466 1074 1050)
4(465 1073 1074 466)
4(443 467 1075 1051)
4(466 1074 1075 467)
4(444 468 1076 1052)
4(467 1075 1076 468)
4(445 469 1077 1053)
4(468 1076 1077 469)
4(446 470 1078 1054)
4(469 1077 1078 470)
4(447 471 1079 1055)
4(470 1078 1079 471)
4(448 472 1080 1056)
4(471 1079 1080 472)
4(449 473 1081 1057)
4(472 1080 1081 473)
4(450 474 1082 1058)
4(473 1081 1082 474)
4(451 475 1083 1059)
4(474 1082 1083 475)
4(452 476 1084 1060)
4(475 1083 1084 476)
4(453 477 1085 1061)
4(476 1084 1085 477)
4(454 478 1086 1062)
4(477 1085 1086 478)
4(455 479 1087 1063)
4(478 1086 1087 479)
4(456 480 1088 1064)
4(479 1087 1088 480)
4(457 481 1089 1065)
4(480 1088 1089 481)
4(458 482 1090 1066)
4(481 1089 1090 482)
4(459 483 1091 1067)
4(482 1090 1091 483)
4(460 484 1092 1068)
4(483 1091 1092 484)
4(461 485 1093 1069)
4(484 1092 1093 485)
4(462 486 1094 1070)
4(485 1093 1094 486)
4(486 1094 1095 487)
4(463 487 1095 1071)
4(465 489 1097 1073)
4(488 1096 1097 489)
4(466 490 1098 1074)
4(489 1097 1098 490)
4(467 491 1099 1075)
4(490 1098 1099 491)
4(468 492 1100 1076)
4(491 1099 1100 492)
4(469 493 1101 1077)
4(492 1100 1101 493)
4(470 494 1102 1078)
4(493 1101 1102 494)
4(471 495 1103 1079)
4(494 1102 1103 495)
4(472 496 1104 1080)
4(495 1103 1104 496)
4(473 497 1105 1081)
4(496 1104 1105 497)
4(474 498 1106 1082)
4(497 1105 1106 498)
4(475 499 1107 1083)
4(498 1106 1107 499)
4(476 500 1108 1084)
4(499 1107 1108 500)
4(477 501 1109 1085)
4(500 1108 1109 501)
4(478 502 1110 1086)
4(501 1109 1110 502)
4(479 503 1111 1087)
4(502 1110 1111 503)
4(480 504 1112 1088)
4(503 1111 1112 504)
4(481 505 1113 1089)
4(504 1112 1113 505)
4(482 506 1114 1090)
4(505 1113 1114 506)
4(483 507 1115 1091)
4(506 1114 1115 507)
4(484 508 1116 1092)
4(507 1115 1116 508)
4(485 509 1117 1093)
4(508 1116 1117 509)
4(486 510 1118 1094)
4(509 1117 1118 510)
4(510 1118 1119 511)
4(487 511 1119 1095)
4(489 513 1121 1097)
4(512 1120 1121 513)
4(490 514 1122 1098)
4(513 1121 1122 514)
4(491 515 1123 1099)
4(514 1122 1123 515)
4(492 516 1124 1100)
4(515 1123 1124 516)
4(493 517 1125 1101)
4(516 1124 1125 517)
4(494 518 1126 1102)
4(517 1125 1126 518)
4(495 519 1127 1103)
4(518 1126 1127 519)
4(496 520 1128 1104)
4(519 1127 1128 520)
4(497 521 1129 1105)
4(520 1128 1129 521)
4(498 522 1130 1106)
4(521 1129 1130 522)
4(499 523 1131 1107)
4(522 1130 1131 523)
4(500 524 1132 1108)
4(523 1131 1132 524)
4(501 525 1133 1109)
4(524 1132 1133 525)
4(502 526 1134 1110)
4(525 1133 1134 526)
4(503 527 1135 1111)
4(526 1134 1135 527)
4(504 528 1136 1112)
4(527 1135 1136 528)
4(505 529 1137 1113)
4(528 1136 1137 529)
4(506 530 1138 1114)
4(529 1137 1138 530)
4(507 531 1139 1115)
4(530 1138 1139 531)
4(508 532 1140 1116)
4(531 1139 1140 532)
4(509 533 1141 1117)
4(532 1140 1141 533)
4(510 534 1142 1118)
4(533 1141 1142 534)
4(534 1142 1143 535)
4(511 535 1143 1119)
4(513 537 1145 1121)
4(536 1144 1145 537)
4(514 538 1146 1122)
4(537 1145 1146 538)
4(515 539 1147 1123)
4(538 1146 1147 539)
4(516 540 1148 1124)
4(539 1147 1148 540)
4(517 541 1149 1125)
4(540 1148 1149 541)
4(518 542 1150 1126)
4(541 1149 1150 542)
4(519 543 1151 1127)
4(542 1150 1151 543)
4(520 544 1152 1128)
4(543 1151 1152 544)
4(521 545 1153 1129)
4(544 1152 1153 545)
4(522 546 1154 1130)
4(545 1153 1154 546)
4(523 547 1155 1131)
4(546 1154 1155 547)
4(524 548 1156 1132)
4(547 1155 1156 548)
4(525 549 1157 1133)
4(548 1156 1157 549)
4(526 550 1158 1134)
4(549 1157 1158 550)
4(527 551 1159 1135)
4(550 1158 1159 551)
4(528 552 1160 1136)
4(551 1159 1160 552)
4(529 553 1161 1137)
4(552 1160 1161 553)
4(530 554 1162 1138)
4(553 1161 1162 554)
4(531 555 1163 1139)
4(554 1162 1163 555)
4(532 556 1164 1140)
4(555 1163 1164 556)
4(533 557 1165 1141)
4(556 1164 1165 557)
4(534 558 1166 1142)
4(557 1165 1166 558)
4(558 1166 1167 559)
4(535 559 1167 1143)
4(537 561 1169 1145)
4(560 1168 1169 561)
4(538 562 1170 1146)
4(561 1169 1170 562)
4(539 563 1171 1147)
4(562 1170 1171 563)
4(540 564 1172 1148)
4(563 1171 1172 564)
4(541 565 1173 1149)
4(564 1172 1173 565)
4(542 566 1174 1150)
4(565 1173 1174 566)
4(543 567 1175 1151)
4(566 1174 1175 567)
4(544 568 1176 1152)
4(567 1175 1176 568)
4(545 569 1177 1153)
4(568 1176 1177 569)
4(546 570 1178 1154)
4(569 1177 1178 570)
4(547 571 1179 1155)
4(570 1178 1179 571)
4(548 572 1180 1156)
4(571 1179 1180 572)
4(549 573 1181 1157)
4(572 1180 1181 573)
4(550 574 1182 1158)
4(573 1181 1182 574)
4(551 575 1183 1159)
4(574 1182 1183 575)
4(552 576 1184 1160)
4(575 1183 1184 576)
4(553 577 1185 1161)
4(576 1184 1185 577)
4(554 578 1186 1162)
4(577 1185 1186 578)
4(555 579 1187 1163)
4(578 1186 1187 579)
4(556 580 1188 1164)
4(579 1187 1188 580)
4(557 581 1189 1165)
4(580 1188 1189 581)
4(558 582 1190 1166)
4(581 1189 1190 582)
4(582 1190 1191 583)
4(559 583 1191 1167)
4(561 585 1193 1169)
4(562 586 1194 1170)
4(563 587 1195 1171)
4(564 588 1196 1172)
4(565 589 1197 1173)
4(566 590 1198 1174)
4(567 591 1199 1175)
4(568 592 1200 1176)
4(569 593 1201 1177)
4(570 594 1202 1178)
4(571 595 1203 1179)
4(572 596 1204 1180)
4(573 597 1205 1181)
4(574 598 1206 1182)
4(575 599 1207 1183)
4(576 600 1208 1184)
4(577 601 1209 1185)
4(578 602 1210 1186)
4(579 603 1211 1187)
4(580 604 1212 1188)
4(581 605 1213 1189)
4(582 606 1214 1190)
4(583 607 1215 1191)
4(1216 1220 1324 1320)
4(31 639 1324 1220)
4(1217 1221 1325 1321)
4(1220 1324 1325 1221)
4(1218 1222 1326 1322)
4(1221 1325 1326 1222)
4(1222 1326 1327 1223)
4(1219 1223 1327 1323)
4(1220 1224 1328 1324)
4(55 663 1328 1224)
4(1221 1225 1329 1325)
4(1224 1328 1329 1225)
4(1222 1226 1330 1326)
4(1225 1329 1330 1226)
4(1226 1330 1331 1227)
4(1223 1227 1331 1327)
4(1224 1228 1332 1328)
4(79 687 1332 1228)
4(1225 1229 1333 1329)
4(1228 1332 1333 1229)
4(1226 1230 1334 1330)
4(1229 1333 1334 1230)
4(1230 1334 1335 1231)
4(1227 1231 1335 1331)
4(1228 1232 1336 1332)
4(103 711 1336 1232)
4(1229 1233 1337 1333)
4(1232 1336 1337 1233)
4(1230 1234 1338 1334)
4(1233 1337 1338 1234)
4(1234 1338 1339 1235)
4(1231 1235 1339 1335)
4(1232 1236 1340 1336)
4(127 735 1340 1236)
4(1233 1237 1341 1337)
4(1236 1340 1341 1237)
4(1234 1238 1342 1338)
4(1237 1341 1342 1238)
4(1238 1342 1343 1239)
4(1235 1239 1343 1339)
4(1236 1240 1344 1340)
4(151 759 1344 1240)
4(1237 1241 1345 1341)
4(1240 1344 1345 1241)
4(1238 1242 1346 1342)
4(1241 1345 1346 1242)
4(1242 1346 1347 1243)
4(1239 1243 1347 1343)
4(1240 1244 1348 1344)
4(175 783 1348 1244)
4(1241 1245 1349 1345)
4(1244 1348 1349 1245)
4(1242 1246 1350 1346)
4(1245 1349 1350 1246)
4(1246 1350 1351 1247)
4(1243 1247 1351 1347)
4(1244 1248 1352 1348)
4(199 807 1352 1248)
4(1245 1249 1353 1349)
4(1248 1352 1353 1249)
4(1246 1250 1354 1350)
4(1249 1353 1354 1250)
4(1250 1354 1355 1251)
4(1247 1251 1355 1351)
4(1248 1252 1356 1352)
4(223 831 1356 1252)
4(1249 1253 1357 1353)
4(1252 1356 1357 1253)
4(1250 1254 1358 1354)
4(1253 1357 1358 1254)
4(1254 1358 1359 1255)
4(1251 1255 1359 1355)
4(1252 1256 1360 1356)
4(247 855 1360 1256)
4(1253 1257 1361 1357)
4(1256 1360 1361 1257)
4(1254 1258 1362 1358)
4(1257 1361 1362 1258)
4(1258 1362 1363 1259)
4(1255 1259 1363 1359)
4(1256 1260 1364 1360)
4(271 879 1364 1260)
4(1257 1261 1365 1361)
4(1260 1364 1365 1261)
4(1258 1262 1366 1362)
4(1261 1365 1366 1262)
4(1262 1366 1367 1263)
4(1259 1263 1367 1363)
4(1260 1264 1368 1364)
4(295 903 1368 1264)
4(1261 1265 1369 1365)
4(1264 1368 1369 1265)
4(1262 1266 1370 1366)
4(1265 1369 1370 1266)
4(1266 1370 1371 1267)
4(1263 1267 1371 1367)
4(1264 1268 1372 1368)
4(319 927 1372 1268)
4(1265 1269 1373 1369)
4(1268 1372 1373 1269)
4(1266 1270 1374 1370)
4(1269 1373 1374 1270)
4(1270 1374 1375 1271)
4(1267 1271 1375 1371)
4(1268 1272 1376 1372)
4(343 951 1376 1272)
4(1269 1273 1377 1373)
4(1272 1376 1377 1273)
4(1270 1274 1378 1374)
4(1273 1377 1378 1274)
4(1274 1378 1379 1275)
4(1271 1275 1379 1375)
4(1272 1276 1380 1376)
4(367 975 1380 1276)
4(1273 1277 1381 1377)
4(1276 1380 1381 1277)
4(1274 1278 1382 1378)
4(1277 1381 1382 1278)
4(1278 1382 1383 1279)
4(1275 1279 1383 1379)
4(1276 1280 1384 1380)
4(391 999 1384 1280)
4(1277 1281 1385 1381)
4(1280 1384 1385 1281)
4(1278 1282 1386 1382)
4(1281 1385 1386 1282)
4(1282 1386 1387 1283)
4(1279 1283 1387 1383)
4(1280 1284 1388 1384)
4(415 1023 1388 1284)
4(1281 1285 1389 1385)
4(1284 1388 1389 1285)
4(1282 1286 1390 1386)
4(1285 1389 1390 1286)
4(1286 1390 1391 1287)
4(1283 1287 1391 1387)
4(1284 1288 1392 1388)
4(439 1047 1392 1288)
4(1285 1289 1393 1389)
4(1288 1392 1393 1289)
4(1286 1290 1394 1390)
4(1289 1393 1394 1290)
4(1290 1394 1395 1291)
4(1287 1291 1395 1391)
4(1288 1292 1396 1392)
4(463 1071 1396 1292)
4(1289 1293 1397 1393)
4(1292 1396 1397 1293)
4(1290 1294 1398 1394)
4(1293 1397 1398 1294)
4(1294 1398 1399 1295)
4(1291 1295 1399 1395)
4(1292 1296 1400 1396)
4(487 1095 1400 1296)
4(1293 1297 1401 1397)
4(1296 1400 1401 1297)
4(1294 1298 1402 1398)
4(1297 1401 1402 1298)
4(1298 1402 1403 1299)
4(1295 1299 1403 1399)
4(1296 1300 1404 1400)
4(511 1119 1404 1300)
4(1297 1301 1405 1401)
4(1300 1404 1405 1301)
4(1298 1302 1406 1402)
4(1301 1405 1406 1302)
4(1302 1406 1407 1303)
4(1299 1303 1407 1403)
4(1300 1304 1408 1404)
4(535 1143 1408 1304)
4(1301 1305 1409 1405)
4(1304 1408 1409 1305)
4(1302 1306 1410 1406)
4(1305 1409 1410 1306)
4(1306 1410 1411 1307)
4(1303 1307 1411 1407)
4(1304 1308 1412 1408)
4(559 1167 1412 1308)
4(1305 1309 1413 1409)
4(1308 1412 1413 1309)
4(1306 1310 1414 1410)
4(1309 1413 1414 1310)
4(1310 1414 1415 1311)
4(1307 1311 1415 1411)
4(1308 1312 1416 1412)
4(583 1191 1416 1312)
4(1309 1313 1417 1413)
4(1312 1416 1417 1313)
4(1310 1314 1418 1414)
4(1313 1417 1418 1314)
4(1314 1418 1419 1315)
4(1311 1315 1419 1415)
4(1312 1316 1420 1416)
4(1313 1317 1421 1417)
4(1314 1318 1422 1418)
4(1315 1319 1423 1419)
4(1424 1443 1937 1918)
4(1223 1327 1937 1443)
4(1425 1444 1938 1919)
4(1443 1937 1938 1444)
4(1426 1445 1939 1920)
4(1444 1938 1939 1445)
4(1427 1446 1940 1921)
4(1445 1939 1940 1446)
4(1428 1447 1941 1922)
4(1446 1940 1941 1447)
4(1429 1448 1942 1923)
4(1447 1941 1942 1448)
4(1430 1449 1943 1924)
4(1448 1942 1943 1449)
4(1431 1450 1944 1925)
4(1449 1943 1944 1450)
4(1432 1451 1945 1926)
4(1450 1944 1945 1451)
4(1433 1452 1946 1927)
4(1451 1945 1946 1452)
4(1434 1453 1947 1928)
4(1452 1946 1947 1453)
4(1435 1454 1948 1929)
4(1453 1947 1948 1454)
4(1436 1455 1949 1930)
4(1454 1948 1949 1455)
4(1437 1456 1950 1931)
4(1455 1949 1950 1456)
4(1438 1457 1951 1932)
4(1456 1950 1951 1457)
4(1439 1458 1952 1933)
4(1457 1951 1952 1458)
4(1440 1459 1953 1934)
4(1458 1952 1953 1459)
4(1441 1460 1954 1935)
4(1459 1953 1954 1460)
4(1460 1954 1955 1461)
4(1443 1462 1956 1937)
4(1227 1331 1956 1462)
4(1444 1463 1957 1938)
4(1462 1956 1957 1463)
4(1445 1464 1958 1939)
4(1463 1957 1958 1464)
4(1446 1465 1959 1940)
4(1464 1958 1959 1465)
4(1447 1466 1960 1941)
4(1465 1959 1960 1466)
4(1448 1467 1961 1942)
4(1466 1960 1961 1467)
4(1449 1468 1962 1943)
4(1467 1961 1962 1468)
4(1450 1469 1963 1944)
4(1468 1962 1963 1469)
4(1451 1470 1964 1945)
4(1469 1963 1964 1470)
4(1452 1471 1965 1946)
4(1470 1964 1965 1471)
4(1453 1472 1966 1947)
4(1471 1965 1966 1472)
4(1454 1473 1967 1948)
4(1472 1966 1967 1473)
4(1455 1474 1968 1949)
4(1473 1967 1968 1474)
4(1456 1475 1969 1950)
4(1474 1968 1969 1475)
4(1457 1476 1970 1951)
4(1475 1969 1970 1476)
4(1458 1477 1971 1952)
4(1476 1970 1971 1477)
4(1459 1478 1972 1953)
4(1477 1971 1972 1478)
4(1460 1479 1973 1954)
4(1478 1972 1973 1479)
4(1479 1973 1974 1480)
4(1462 1481 1975 1956)
4(1231 1335 1975 1481)
4(1463 1482 1976 1957)
4(1481 1975 1976 1482)
4(1464 1483 1977 1958)
4(1482 1976 1977 1483)
4(1465 1484 1978 1959)
4(1483 1977 1978 1484)
4(1466 1485 1979 1960)
4(1484 1978 1979 1485)
4(1467 1486 1980 1961)
4(1485 1979 1980 1486)
4(1468 1487 1981 1962)
4(1486 1980 1981 1487)
4(1469 1488 1982 1963)
4(1487 1981 1982 1488)
4(1470 1489 1983 1964)
4(1488 1982 1983 1489)
4(1471 1490 1984 1965)
4(1489 1983 1984 1490)
4(1472 1491 1985 1966)
4(1490 1984 1985 1491)
4(1473 1492 1986 1967)
4(1491 1985 1986 1492)
4(1474 1493 1987 1968)
4(1492 1986 1987 1493)
4(1475 1494 1988 1969)
4(1493 1987 1988 1494)
4(1476 1495 1989 1970)
4(1494 1988 1989 1495)
4(1477 1496 1990 1971)
4(1495 1989 1990 1496)
4(1478 1497 1991 1972)
4(1496 1990 1991 1497)
4(1479 1498 1992 1973)
4(1497 1991 1992 1498)
4(1498 1992 1993 1499)
4(1481 1500 1994 1975)
4(1235 1339 1994 1500)
4(1482 1501 1995 1976)
4(1500 1994 1995 1501)
4(1483 1502 1996 1977)
4(1501 1995 1996 1502)
4(1484 1503 1997 1978)
4(1502 1996 1997 1503)
4(1485 1504 1998 1979)
4(1503 1997 1998 1504)
4(1486 1505 1999 1980)
4(1504 1998 1999 1505)
4(1487 1506 2000 1981)
4(1505 1999 2000 1506)
4(1488 1507 2001 1982)
4(1506 2000 2001 1507)
4(1489 1508 2002 1983)
4(1507 2001 2002 1508)
4(1490 1509 2003 1984)
4(1508 2002 2003 1509)
4(1491 1510 2004 1985)
4(1509 2003 2004 1510)
4(1492 1511 2005 1986)
4(1510 2004 2005 1511)
4(1493 1512 2006 1987)
4(1511 2005 2006 1512)
4(1494 1513 2007 1988)
4(1512 2006 2007 1513)
4(1495 1514 2008 1989)
4(1513 2007 2008 1514)
4(1496 1515 2009 1990)
4(1514 2008 2009 1515)
4(1497 1516 2010 1991)
4(1515 2009 2010 1516)
4(1498 1517 2011 1992)
4(1516 2010 2011 1517)
4(1517 2011 2012 1518)
4(1500 1519 2013 1994)
4(1239 1343 2013 1519)
4(1501 1520 2014 1995)
4(1519 2013 2014 1520)
4(1502 1521 2015 1996)
4(1520 2014 2015 1521)
4(1503 1522 2016 1997)
4(1521 2015 2016 1522)
4(1504 1523 2017 1998)
4(1522 2016 2017 1523)
4(1505 1524 2018 1999)
4(1523 2017 2018 1524)
4(1506 1525 2019 2000)
4(1524 2018 2019 1525)
4(1507 1526 2020 2001)
4(1525 2019 2020 1526)
4(1508 1527 2021 2002)
4(1526 2020 2021 1527)
4(1509 1528 2022 2003)
4(1527 2021 2022 1528)
4(1510 1529 2023 2004)
4(1528 2022 2023 1529)
4(1511 1530 2024 2005)
4(1529 2023 2024 1530)
4(1512 1531 2025 2006)
4(1530 2024 2025 1531)
4(1513 1532 2026 2007)
4(1531 2025 2026 1532)
4(1514 1533 2027 2008)
4(1532 2026 2027 1533)
4(1515 1534 2028 2009)
4(1533 2027 2028 1534)
4(1516 1535 2029 2010)
4(1534 2028 2029 1535)
4(1517 1536 2030 2011)
4(1535 2029 2030 1536)
4(1536 2030 2031 1537)
4(1519 1538 2032 2013)
4(1243 1347 2032 1538)
4(1520 1539 2033 2014)
4(1538 2032 2033 1539)
4(1521 1540 2034 2015)
4(1539 2033 2034 1540)
4(1522 1541 2035 2016)
4(1540 2034 2035 1541)
4(1523 1542 2036 2017)
4(1541 2035 2036 1542)
4(1524 1543 2037 2018)
4(1542 2036 2037 1543)
4(1525 1544 2038 2019)
4(1543 2037 2038 1544)
4(1526 1545 2039 2020)
4(1544 2038 2039 1545)
4(1527 1546 2040 2021)
4(1545 2039 2040 1546)
4(1528 1547 2041 2022)
4(1546 2040 2041 1547)
4(1529 1548 2042 2023)
4(1547 2041 2042 1548)
4(1530 1549 2043 2024)
4(1548 2042 2043 1549)
4(1531 1550 2044 2025)
4(1549 2043 2044 1550)
4(1532 1551 2045 2026)
4(1550 2044 2045 1551)
4(1533 1552 2046 2027)
4(1551 2045 2046 1552)
4(1534 1553 2047 2028)
4(1552 2046 2047 1553)
4(1535 1554 2048 2029)
4(1553 2047 2048 1554)
4(1536 1555 2049 2030)
4(1554 2048 2049 1555)
4(1555 2049 2050 1556)
4(1538 1557 2051 2032)
4(1247 1351 2051 1557)
4(1539 1558 2052 2033)
4(1557 2051 2052 1558)
4(1540 1559 2053 2034)
4(1558 2052 2053 1559)
4(1541 1560 2054 2035)
4(1559 2053 2054 1560)
4(1542 1561 2055 2036)
4(1560 2054 2055 1561)
4(1543 1562 2056 2037)
4(1561 2055 2056 1562)
4(1544 1563 2057 2038)
4(1562 2056 2057 1563)
4(1545 1564 2058 2039)
4(1563 2057 2058 1564)
4(1546 1565 2059 2040)
4(1564 2058 2059 1565)
4(1547 1566 2060 2041)
4(1565 2059 2060 1566)
4(1548 1567 2061 2042)
4(1566 2060 2061 1567)
4(1549 1568 2062 2043)
4(1567 2061 2062 1568)
4(1550 1569 2063 2044)
4(1568 2062 2063 1569)
4(1551 1570 2064 2045)
4(1569 2063 2064 1570)
4(1552 1571 2065 2046)
4(1570 2064 2065 1571)
4(1553 1572 2066 2047)
4(1571 2065 2066 1572)
4(1554 1573 2067 2048)
4(1572 2066 2067 1573)
4(1555 1574 2068 2049)
4(1573 2067 2068 1574)
4(1574 2068 2069 1575)
4(1557 1576 2070 2051)
4(1251 1355 2070 1576)
4(1558 1577 2071 2052)
4(1576 2070 2071 1577)
4(1559 1578 2072 2053)
4(1577 2071 2072 1578)
4(1560 1579 2073 2054)
4(1578 2072 2073 1579)
4(1561 1580 2074 2055)
4(1579 2073 2074 1580)
4(1562 1581 2075 2056)
4(1580 2074 2075 1581)
4(1563 1582 2076 2057)
4(1581 2075 2076 1582)
4(1564 1583 2077 2058)
4(1582 2076 2077 1583)
4(1565 1584 2078 2059)
4(1583 2077 2078 1584)
4(1566 1585 2079 2060)
4(1584 2078 2079 1585)
4(1567 1586 2080 2061)
4(1585 2079 2080 1586)
4(1568 1587 2081 2062)
4(1586 2080 2081 1587)
4(1569 1588 2082 2063)
4(1587 2081 2082 1588)
4(1570 1589 2083 2064)
4(1588 2082 2083 1589)
4(1571 1590 2084 2065)
4(1589 2083 2084 1590)
4(1572 1591 2085 2066)
4(1590 2084 2085 1591)
4(1573 1592 2086 2067)
4(1591 2085 2086 1592)
4(1574 1593 2087 2068)
4(1592 2086 2087 1593)
4(1593 2087 2088 1594)
4(1576 1595 2089 2070)
4(1255 1359 2089 1595)
4(1577 1596 2090 2071)
4(1595 2089 2090 1596)
4(1578 1597 2091 2072)
4(1596 2090 2091 1597)
4(1579 1598 2092 2073)
4(1597 2091 2092 1598)
4(1580 1599 2093 2074)
4(1598 2092 2093 1599)
4(1581 1600 2094 2075)
4(1599 2093 2094 1600)
4(1582 1601 2095 2076)
4(1600 2094 2095 1601)
4(1583 1602 2096 2077)
4(1601 2095 2096 1602)
4(1584 1603 2097 2078)
4(1602 2096 2097 1603)
4(1585 1604 2098 2079)
4(1603 2097 2098 1604)
4(1586 1605 2099 2080)
4(1604 2098 2099 1605)
4(1587 1606 2100 2081)
4(1605 2099 2100 1606)
4(1588 1607 2101 2082)
4(1606 2100 2101 1607)
4(1589 1608 2102 2083)
4(1607 2101 2102 1608)
4(1590 1609 2103 2084)
4(1608 2102 2103 1609)
4(1591 1610 2104 2085)
4(1609 2103 2104 1610)
4(1592 1611 2105 2086)
4(1610 2104 2105 1611)
4(1593 1612 2106 2087)
4(1611 2105 2106 1612)
4(1612 2106 2107 1613)
4(1595 1614 2108 2089)
4(1259 1363 2108 1614)
4(1596 1615 2109 2090)
4(1614 2108 2109 1615)
4(1597 1616 2110 2091)
4(1615 2109 2110 1616)
4(1598 1617 2111 2092)
4(1616 2110 2111 1617)
4(1599 1618 2112 2093)
4(1617 2111 2112 1618)
4(1600 1619 2113 2094)
4(1618 2112 2113 1619)
4(1601 1620 2114 2095)
4(1619 2113 2114 1620)
4(1602 1621 2115 2096)
4(1620 2114 2115 1621)
4(1603 1622 2116 2097)
4(1621 2115 2116 1622)
4(1604 1623 2117 2098)
4(1622 2116 2117 1623)
4(1605 1624 2118 2099)
4(1623 2117 2118 1624)
4(1606 1625 2119 2100)
4(1624 2118 2119 1625)
4(1607 1626 2120 2101)
4(1625 2119 2120 1626)
4(1608 1627 2121 2102)
4(1626 2120 2121 1627)
4(1609 1628 2122 2103)
4(1627 2121 2122 1628)
4(1610 1629 2123 2104)
4(1628 2122 2123 1629)
4(1611 1630 2124 2105)
4(1629 2123 2124 1630)
4(1612 1631 2125 2106)
4(1630 2124 2125 1631)
4(1631 2125 2126 1632)
4(1614 1633 2127 2108)
4(1263 1367 2127 1633)
4(1615 1634 2128 2109)
4(1633 2127 2128 1634)
4(1616 1635 2129 2110)
4(1634 2128 2129 1635)
4(1617 1636 2130 2111)
4(1635 2129 2130 1636)
4(1618 1637 2131 2112)
4(1636 2130 2131 1637)
4(1619 1638 2132 2113)
4(1637 2131 2132 1638)
4(1620 1639 2133 2114)
4(1638 2132 2133 1639)
4(1621 1640 2134 2115)
4(1639 2133 2134 1640)
4(1622 1641 2135 2116)
4(1640 2134 2135 1641)
4(1623 1642 2136 2117)
4(1641 2135 2136 1642)
4(1624 1643 2137 2118)
4(1642 2136 2137 1643)
4(1625 1644 2138 2119)
4(1643 2137 2138 1644)
4(1626 1645 2139 2120)
4(1644 2138 2139 1645)
4(1627 1646 2140 2121)
4(1645 2139 2140 1646)
4(1628 1647 2141 2122)
4(1646 2140 2141 1647)
4(1629 1648 2142 2123)
4(1647 2141 2142 1648)
4(1630 1649 2143 2124)
4(1648 2142 2143 1649)
4(1631 1650 2144 2125)
4(1649 2143 2144 1650)
4(1650 2144 2145 1651)
4(1633 1652 2146 2127)
4(1267 1371 2146 1652)
4(1634 1653 2147 2128)
4(1652 2146 2147 1653)
4(1635 1654 2148 2129)
4(1653 2147 2148 1654)
4(1636 1655 2149 2130)
4(1654 2148 2149 1655)
4(1637 1656 2150 2131)
4(1655 2149 2150 1656)
4(1638 1657 2151 2132)
4(1656 2150 2151 1657)
4(1639 1658 2152 2133)
4(1657 2151 2152 1658)
4(1640 1659 2153 2134)
4(1658 2152 2153 1659)
4(1641 1660 2154 2135)
4(1659 2153 2154 1660)
4(1642 1661 2155 2136)
4(1660 2154 2155 1661)
4(1643 1662 2156 2137)
4(1661 2155 2156 1662)
4(1644 1663 2157 2138)
4(1662 2156 2157 1663)
4(1645 1664 2158 2139)
4(1663 2157 2158 1664)
4(1646 1665 2159 2140)
4(1664 2158 2159 1665)
4(1647 1666 2160 2141)
4(1665 2159 2160 1666)
4(1648 1667 2161 2142)
4(1666 2160 2161 1667)
4(1649 1668 2162 2143)
4(1667 2161 2162 1668)
4(1650 1669 2163 2144)
4(1668 2162 2163 1669)
4(1669 2163 2164 1670)
4(1652 1671 2165 2146)
4(1271 1375 2165 1671)
4(1653 1672 2166 2147)
4(1671 2165 2166 1672)
4(1654 1673 2167 2148)
4(1672 2166 2167 1673)
4(1655 1674 2168 2149)
4(1673 2167 2168 1674)
4(1656 1675 2169 2150)
4(1674 2168 2169 1675)
4(1657 1676 2170 2151)
4(1675 2169 2170 1676)
4(1658 1677 2171 2152)
4(1676 2170 2171 1677)
4(1659 1678 2172 2153)
4(1677 2171 2172 1678)
4(1660 1679 2173 2154)
4(1678 2172 2173 1679)
4(1661 1680 2174 2155)
4(1679 2173 2174 1680)
4(1662 1681 2175 2156)
4(1680 2174 2175 1681)
4(1663 1682 2176 2157)
4(1681 2175 2176 1682)
4(1664 1683 2177 2158)
4(1682 2176 2177 1683)
4(1665 1684 2178 2159)
4(1683 2177 2178 1684)
4(1666 1685 2179 2160)
4(1684 2178 2179 1685)
4(1667 1686 2180 2161)
4(1685 2179 2180 1686)
4(1668 1687 2181 2162)
4(1686 2180 2181 1687)
4(1669 1688 2182 2163)
4(1687 2181 2182 1688)
4(1688 2182 2183 1689)
4(1671 1690 2184 2165)
4(1275 1379 2184 1690)
4(1672 1691 2185 2166)
4(1690 2184 2185 1691)
4(1673 1692 2186 2167)
4(1691 2185 2186 1692)
4(1674 1693 2187 2168)
4(1692 2186 2187 1693)
4(1675 1694 2188 2169)
4(1693 2187 2188 1694)
4(1676 1695 2189 2170)
4(1694 2188 2189 1695)
4(1677 1696 2190 2171)
4(1695 2189 2190 1696)
4(1678 1697 2191 2172)
4(1696 2190 2191 1697)
4(1679 1698 2192 2173)
4(1697 2191 2192 1698)
4(1680 1699 2193 2174)
4(1698 2192 2193 1699)
4(1681 1700 2194 2175)
4(1699 2193 2194 1700)
4(1682 1701 2195 2176)
4(1700 2194 2195 1701)
4(1683 1702 2196 2177)
4(1701 2195 2196 1702)
4(1684 1703 2197 2178)
4(1702 2196 2197 1703)
4(1685 1704 2198 2179)
4(1703 2197 2198 1704)
4(1686 1705 2199 2180)
4(1704 2198 2199 1705)
4(1687 1706 2200 2181)
4(1705 2199 2200 1706)
4(1688 1707 2201 2182)
4(1706 2200 2201 1707)
4(1707 2201 2202 1708)
4(1690 1709 2203 2184)
4(1279 1383 2203 1709)
4(1691 1710 2204 2185)
4(1709 2203 2204 1710)
4(1692 1711 2205 2186)
4(1710 2204 2205 1711)
4(1693 1712 2206 2187)
4(1711 2205 2206 1712)
4(1694 1713 2207 2188)
4(1712 2206 2207 1713)
4(1695 1714 2208 2189)
4(1713 2207 2208 1714)
4(1696 1715 2209 2190)
4(1714 2208 2209 1715)
4(1697 1716 2210 2191)
4(1715 2209 2210 1716)
4(1698 1717 2211 2192)
4(1716 2210 2211 1717)
4(1699 1718 2212 2193)
4(1717 2211 2212 1718)
4(1700 1719 2213 2194)
4(1718 2212 2213 1719)
4(1701 1720 2214 2195)
4(1719 2213 2214 1720)
4(1702 1721 2215 2196)
4(1720 2214 2215 1721)
4(1703 1722 2216 2197)
4(1721 2215 2216 1722)
4(1704 1723 2217 2198)
4(1722 2216 2217 1723)
4(1705 1724 2218 2199)
4(1723 2217 2218 1724)
4(1706 1725 2219 2200)
4(1724 2218 2219 1725)
4(1707 1726 2220 2201)
4(1725 2219 2220 1726)
4(1726 2220 2221 1727)
4(1709 1728 2222 2203)
4(1283 1387 2222 1728)
4(1710 1729 2223 2204)
4(1728 2222 2223 1729)
4(1711 1730 2224 2205)
4(1729 2223 2224 1730)
4(1712 1731 2225 2206)
4(1730 2224 2225 1731)
4(1713 1732 2226 2207)
4(1731 2225 2226 1732)
4(1714 1733 2227 2208)
4(1732 2226 2227 1733)
4(1715 1734 2228 2209)
4(1733 2227 2228 1734)
4(1716 1735 2229 2210)
4(1734 2228 2229 1735)
4(1717 1736 2230 2211)
4(1735 2229 2230 1736)
4(1718 1737 2231 2212)
4(1736 2230 2231 1737)
4(1719 1738 2232 2213)
4(1737 2231 2232 1738)
4(1720 1739 2233 2214)
4(1738 2232 2233 1739)
4(1721 1740 2234 2215)
4(1739 2233 2234 1740)
4(1722 1741 2235 2216)
4(1740 2234 2235 1741)
4(1723 1742 2236 2217)
4(1741 2235 2236 1742)
4(1724 1743 2237 2218)
4(1742 2236 2237 1743)
4(1725 1744 2238 2219)
4(1743 2237 2238 1744)
4(1726 1745 2239 2220)
4(1744 2238 2239 1745)
4(1745 2239 2240 1746)
4(1728 1747 2241 2222)
4(1287 1391 2241 1747)
4(1729 1748 2242 2223)
4(1747 2241 2242 1748)
4(1730 1749 2243 2224)
4(1748 2242 2243 1749)
4(1731 1750 2244 2225)
4(1749 2243 2244 1750)
4(1732 1751 2245 2226)
4(1750 2244 2245 1751)
4(1733 1752 2246 2227)
4(1751 2245 2246 1752)
4(1734 1753 2247 2228)
4(1752 2246 2247 1753)
4(1735 1754 2248 2229)
4(1753 2247 2248 1754)
4(1736 1755 2249 2230)
4(1754 2248 2249 1755)
4(1737 1756 2250 2231)
4(1755 2249 2250 1756)
4(1738 1757 2251 2232)
4(1756 2250 2251 1757)
4(1739 1758 2252 2233)
4(1757 2251 2252 1758)
4(1740 1759 2253 2234)
4(1758 2252 2253 1759)
4(1741 1760 2254 2235)
4(1759 2253 2254 1760)
4(1742 1761 2255 2236)
4(1760 2254 2255 1761)
4(1743 1762 2256 2237)
4(1761 2255 2256 1762)
4(1744 1763 2257 2238)
4(1762 2256 2257 1763)
4(1745 1764 2258 2239)
4(1763 2257 2258 1764)
4(1764 2258 2259 1765)
4(1747 1766 2260 2241)
4(1291 1395 2260 1766)
4(1748 1767 2261 2242)
4(1766 2260 2261 1767)
4(1749 1768 2262 2243)
4(1767 2261 2262 1768)
4(1750 1769 2263 2244)
4(1768 2262 2263 1769)
4(1751 1770 2264 2245)
4(1769 2263 2264 1770)
4(1752 1771 2265 2246)
4(1770 2264 2265 1771)
4(1753 1772 2266 2247)
4(1771 2265 2266 1772)
4(1754 1773 2267 2248)
4(1772 2266 2267 1773)
4(1755 1774 2268 2249)
4(1773 2267 2268 1774)
4(1756 1775 2269 2250)
4(1774 2268 2269 1775)
4(1757 1776 2270 2251)
4(1775 2269 2270 1776)
4(1758 1777 2271 2252)
4(1776 2270 2271 1777)
4(1759 1778 2272 2253)
4(1777 2271 2272 1778)
4(1760 1779 2273 2254)
4(1778 2272 2273 1779)
4(1761 1780 2274 2255)
4(1779 2273 2274 1780)
4(1762 1781 2275 2256)
4(1780 2274 2275 1781)
4(1763 1782 2276 2257)
4(1781 2275 2276 1782)
4(1764 1783 2277 2258)
4(1782 2276 2277 1783)
4(1783 2277 2278 1784)
4(1766 1785 2279 2260)
4(1295 1399 2279 1785)
4(1767 1786 2280 2261)
4(1785 2279 2280 1786)
4(1768 1787 2281 2262)
4(1786 2280 2281 1787)
4(1769 1788 2282 2263)
4(1787 2281 2282 1788)
4(1770 1789 2283 2264)
4(1788 2282 2283 1789)
4(1771 1790 2284 2265)
4(1789 2283 2284 1790)
4(1772 1791 2285 2266)
4(1790 2284 2285 1791)
4(1773 1792 2286 2267)
4(1791 2285 2286 1792)
4(1774 1793 2287 2268)
4(1792 2286 2287 1793)
4(1775 1794 2288 2269)
4(1793 2287 2288 1794)
4(1776 1795 2289 2270)
4(1794 2288 2289 1795)
4(1777 1796 2290 2271)
4(1795 2289 2290 1796)
4(1778 1797 2291 2272)
4(1796 2290 2291 1797)
4(1779 1798 2292 2273)
4(1797 2291 2292 1798)
4(1780 1799 2293 2274)
4(1798 2292 2293 1799)
4(1781 1800 2294 2275)
4(1799 2293 2294 1800)
4(1782 1801 2295 2276)
4(1800 2294 2295 1801)
4(1783 1802 2296 2277)
4(1801 2295 2296 1802)
4(1802 2296 2297 1803)
4(1785 1804 2298 2279)
4(1299 1403 2298 1804)
4(1786 1805 2299 2280)
4(1804 2298 2299 1805)
4(1787 1806 2300 2281)
4(1805 2299 2300 1806)
4(1788 1807 2301 2282)
4(1806 2300 2301 1807)
4(1789 1808 2302 2283)
4(1807 2301 2302 1808)
4(1790 1809 2303 2284)
4(1808 2302 2303 1809)
4(1791 1810 2304 2285)
4(1809 2303 2304 1810)
4(1792 1811 2305 2286)
4(1810 2304 2305 1811)
4(1793 1812 2306 2287)
4(1811 2305 2306 1812)
4(1794 1813 2307 2288)
4(1812 2306 2307 1813)
4(1795 1814 2308 2289)
4(1813 2307 2308 1814)
4(1796 1815 2309 2290)
4(1814 2308 2309 1815)
4(1797 1816 2310 2291)
4(1815 2309 2310 1816)
4(1798 1817 2311 2292)
4(1816 2310 2311 1817)
4(1799 1818 2312 2293)
4(1817 2311 2312 1818)
4(1800 1819 2313 2294)
4(1818 2312 2313 1819)
4(1801 1820 2314 2295)
4(1819 2313 2314 1820)
4(1802 1821 2315 2296)
4(1820 2314 2315 1821)
4(1821 2315 2316 1822)
4(1804 1823 2317 2298)
4(1303 1407 2317 1823)
4(1805 1824 2318 2299)
4(1823 2317 2318 1824)
4(1806 1825 2319 2300)
4(1824 2318 2319 1825)
4(1807 1826 2320 2301)
4(1825 2319 2320 1826)
4(1808 1827 2321 2302)
4(1826 2320 2321 1827)
4(1809 1828 2322 2303)
4(1827 2321 2322 1828)
4(1810 1829 2323 2304)
4(1828 2322 2323 1829)
4(1811 1830 2324 2305)
4(1829 2323 2324 1830)
4(1812 1831 2325 2306)
4(1830 2324 2325 1831)
4(1813 1832 2326 2307)
4(1831 2325 2326 1832)
4(1814 1833 2327 2308)
4(1832 2326 2327 1833)
4(1815 1834 2328 2309)
4(1833 2327 2328 1834)
4(1816 1835 2329 2310)
4(1834 2328 2329 1835)
4(1817 1836 2330 2311)
4(1835 2329 2330 1836)
4(1818 1837 2331 2312)
4(1836 2330 2331 1837)
4(1819 1838 2332 2313)
4(1837 2331 2332 1838)
4(1820 1839 2333 2314)
4(1838 2332 2333 1839)
4(1821 1840 2334 2315)
4(1839 2333 2334 1840)
4(1840 2334 2335 1841)
4(1823 1842 2336 2317)
4(1307 1411 2336 1842)
4(1824 1843 2337 2318)
4(1842 2336 2337 1843)
4(1825 1844 2338 2319)
4(1843 2337 2338 1844)
4(1826 1845 2339 2320)
4(1844 2338 2339 1845)
4(1827 1846 2340 2321)
4(1845 2339 2340 1846)
4(1828 1847 2341 2322)
4(1846 2340 2341 1847)
4(1829 1848 2342 2323)
4(1847 2341 2342 1848)
4(1830 1849 2343 2324)
4(1848 2342 2343 1849)
4(1831 1850 2344 2325)
4(1849 2343 2344 1850)
4(1832 1851 2345 2326)
4(1850 2344 2345 1851)
4(1833 1852 2346 2327)
4(1851 2345 2346 1852)
4(1834 1853 2347 2328)
4(1852 2346 2347 1853)
4(1835 1854 2348 2329)
4(1853 2347 2348 1854)
4(1836 1855 2349 2330)
4(1854 2348 2349 1855)
4(1837 1856 2350 2331)
4(1855 2349 2350 1856)
4(1838 1857 2351 2332)
4(1856 2350 2351 1857)
4(1839 1858 2352 2333)
4(1857 2351 2352 1858)
4(1840 1859 2353 2334)
4(1858 2352 2353 1859)
4(1859 2353 2354 1860)
4(1842 1861 2355 2336)
4(1311 1415 2355 1861)
4(1843 1862 2356 2337)
4(1861 2355 2356 1862)
4(1844 1863 2357 2338)
4(1862 2356 2357 1863)
4(1845 1864 2358 2339)
4(1863 2357 2358 1864)
4(1846 1865 2359 2340)
4(1864 2358 2359 1865)
4(1847 1866 2360 2341)
4(1865 2359 2360 1866)
4(1848 1867 2361 2342)
4(1866 2360 2361 1867)
4(1849 1868 2362 2343)
4(1867 2361 2362 1868)
4(1850 1869 2363 2344)
4(1868 2362 2363 1869)
4(1851 1870 2364 2345)
4(1869 2363 2364 1870)
4(1852 1871 2365 2346)
4(1870 2364 2365 1871)
4(1853 1872 2366 2347)
4(1871 2365 2366 1872)
4(1854 1873 2367 2348)
4(1872 2366 2367 1873)
4(1855 1874 2368 2349)
4(1873 2367 2368 1874)
4(1856 1875 2369 2350)
4(1874 2368 2369 1875)
4(1857 1876 2370 2351)
4(1875 2369 2370 1876)
4(1858 1877 2371 2352)
4(1876 2370 2371 1877)
4(1859 1878 2372 2353)
4(1877 2371 2372 1878)
4(1878 2372 2373 1879)
4(1861 1880 2374 2355)
4(1315 1419 2374 1880)
4(1862 1881 2375 2356)
4(1880 2374 2375 1881)
4(1863 1882 2376 2357)
4(1881 2375 2376 1882)
4(1864 1883 2377 2358)
4(1882 2376 2377 1883)
4(1865 1884 2378 2359)
4(1883 2377 2378 1884)
4(1866 1885 2379 2360)
4(1884 2378 2379 1885)
4(1867 1886 2380 2361)
4(1885 2379 2380 1886)
4(1868 1887 2381 2362)
4(1886 2380 2381 1887)
4(1869 1888 2382 2363)
4(1887 2381 2382 1888)
4(1870 1889 2383 2364)
4(1888 2382 2383 1889)
4(1871 1890 2384 2365)
4(1889 2383 2384 1890)
4(1872 1891 2385 2366)
4(1890 2384 2385 1891)
4(1873 1892 2386 2367)
4(1891 2385 2386 1892)
4(1874 1893 2387 2368)
4(1892 2386 2387 1893)
4(1875 1894 2388 2369)
4(1893 2387 2388 1894)
4(1876 1895 2389 2370)
4(1894 2388 2389 1895)
4(1877 1896 2390 2371)
4(1895 2389 2390 1896)
4(1878 1897 2391 2372)
4(1896 2390 2391 1897)
4(1897 2391 2392 1898)
4(1880 1899 2393 2374)
4(1881 1900 2394 2375)
4(1882 1901 2395 2376)
4(1883 1902 2396 2377)
4(1884 1903 2397 2378)
4(1885 1904 2398 2379)
4(1886 1905 2399 2380)
4(1887 1906 2400 2381)
4(1888 1907 2401 2382)
4(1889 1908 2402 2383)
4(1890 1909 2403 2384)
4(1891 1910 2404 2385)
4(1892 1911 2405 2386)
4(1893 1912 2406 2387)
4(1894 1913 2407 2388)
4(1895 1914 2408 2389)
4(1896 1915 2409 2390)
4(1897 1916 2410 2391)
4(8 616 640 32)
4(32 640 664 56)
4(56 664 688 80)
4(80 688 712 104)
4(104 712 736 128)
4(128 736 760 152)
4(152 760 784 176)
4(176 784 808 200)
4(200 808 832 224)
4(224 832 856 248)
4(248 856 880 272)
4(272 880 904 296)
4(296 904 928 320)
4(320 928 952 344)
4(344 952 976 368)
4(368 976 1000 392)
4(392 1000 1024 416)
4(416 1024 1048 440)
4(440 1048 1072 464)
4(464 1072 1096 488)
4(488 1096 1120 512)
4(512 1120 1144 536)
4(536 1144 1168 560)
4(560 1168 1192 584)
4(1442 1461 1955 1936)
4(1461 1480 1974 1955)
4(1480 1499 1993 1974)
4(1499 1518 2012 1993)
4(1518 1537 2031 2012)
4(1537 1556 2050 2031)
4(1556 1575 2069 2050)
4(1575 1594 2088 2069)
4(1594 1613 2107 2088)
4(1613 1632 2126 2107)
4(1632 1651 2145 2126)
4(1651 1670 2164 2145)
4(1670 1689 2183 2164)
4(1689 1708 2202 2183)
4(1708 1727 2221 2202)
4(1727 1746 2240 2221)
4(1746 1765 2259 2240)
4(1765 1784 2278 2259)
4(1784 1803 2297 2278)
4(1803 1822 2316 2297)
4(1822 1841 2335 2316)
4(1841 1860 2354 2335)
4(1860 1879 2373 2354)
4(1879 1898 2392 2373)
4(1898 1917 2411 2392)
4(584 1192 1193 585)
4(585 1193 1194 586)
4(586 1194 1195 587)
4(587 1195 1196 588)
4(588 1196 1197 589)
4(589 1197 1198 590)
4(590 1198 1199 591)
4(591 1199 1200 592)
4(592 1200 1201 593)
4(593 1201 1202 594)
4(594 1202 1203 595)
4(595 1203 1204 596)
4(596 1204 1205 597)
4(597 1205 1206 598)
4(598 1206 1207 599)
4(599 1207 1208 600)
4(600 1208 1209 601)
4(601 1209 1210 602)
4(602 1210 1211 603)
4(603 1211 1212 604)
4(604 1212 1213 605)
4(605 1213 1214 606)
4(606 1214 1215 607)
4(607 1215 1420 1316)
4(1316 1420 1421 1317)
4(1317 1421 1422 1318)
4(1318 1422 1423 1319)
4(1319 1423 2393 1899)
4(1899 2393 2394 1900)
4(1900 2394 2395 1901)
4(1901 2395 2396 1902)
4(1902 2396 2397 1903)
4(1903 2397 2398 1904)
4(1904 2398 2399 1905)
4(1905 2399 2400 1906)
4(1906 2400 2401 1907)
4(1907 2401 2402 1908)
4(1908 2402 2403 1909)
4(1909 2403 2404 1910)
4(1910 2404 2405 1911)
4(1911 2405 2406 1912)
4(1912 2406 2407 1913)
4(1913 2407 2408 1914)
4(1914 2408 2409 1915)
4(1915 2409 2410 1916)
4(1916 2410 2411 1917)
4(8 32 33 9)
4(32 56 57 33)
4(56 80 81 57)
4(80 104 105 81)
4(104 128 129 105)
4(128 152 153 129)
4(152 176 177 153)
4(176 200 201 177)
4(200 224 225 201)
4(224 248 249 225)
4(248 272 273 249)
4(272 296 297 273)
4(296 320 321 297)
4(320 344 345 321)
4(344 368 369 345)
4(368 392 393 369)
4(392 416 417 393)
4(416 440 441 417)
4(440 464 465 441)
4(464 488 489 465)
4(488 512 513 489)
4(512 536 537 513)
4(536 560 561 537)
4(560 584 585 561)
4(9 33 34 10)
4(33 57 58 34)
4(57 81 82 58)
4(81 105 106 82)
4(105 129 130 106)
4(129 153 154 130)
4(153 177 178 154)
4(177 201 202 178)
4(201 225 226 202)
4(225 249 250 226)
4(249 273 274 250)
4(273 297 298 274)
4(297 321 322 298)
4(321 345 346 322)
4(345 369 370 346)
4(369 393 394 370)
4(393 417 418 394)
4(417 441 442 418)
4(441 465 466 442)
4(465 489 490 466)
4(489 513 514 490)
4(513 537 538 514)
4(537 561 562 538)
4(561 585 586 562)
4(10 34 35 11)
4(34 58 59 35)
4(58 82 83 59)
4(82 106 107 83)
4(106 130 131 107)
4(130 154 155 131)
4(154 178 179 155)
4(178 202 203 179)
4(202 226 227 203)
4(226 250 251 227)
4(250 274 275 251)
4(274 298 299 275)
4(298 322 323 299)
4(322 346 347 323)
4(346 370 371 347)
4(370 394 395 371)
4(394 418 419 395)
4(418 442 443 419)
4(442 466 467 443)
4(466 490 491 467)
4(490 514 515 491)
4(514 538 539 515)
4(538 562 563 539)
4(562 586 587 563)
4(11 35 36 12)
4(35 59 60 36)
4(59 83 84 60)
4(83 107 108 84)
4(107 131 132 108)
4(131 155 156 132)
4(155 179 180 156)
4(179 203 204 180)
4(203 227 228 204)
4(227 251 252 228)
4(251 275 276 252)
4(275 299 300 276)
4(299 323 324 300)
4(323 347 348 324)
4(347 371 372 348)
4(371 395 396 372)
4(395 419 420 396)
4(419 443 444 420)
4(443 467 468 444)
4(467 491 492 468)
4(491 515 516 492)
4(515 539 540 516)
4(539 563 564 540)
4(563 587 588 564)
4(12 36 37 13)
4(36 60 61 37)
4(60 84 85 61)
4(84 108 109 85)
4(108 132 133 109)
4(132 156 157 133)
4(156 180 181 157)
4(180 204 205 181)
4(204 228 229 205)
4(228 252 253 229)
4(252 276 277 253)
4(276 300 301 277)
4(300 324 325 301)
4(324 348 349 325)
4(348 372 373 349)
4(372 396 397 373)
4(396 420 421 397)
4(420 444 445 421)
4(444 468 469 445)
4(468 492 493 469)
4(492 516 517 493)
4(516 540 541 517)
4(540 564 565 541)
4(564 588 589 565)
4(13 37 38 14)
4(37 61 62 38)
4(61 85 86 62)
4(85 109 110 86)
4(109 133 134 110)
4(133 157 158 134)
4(157 181 182 158)
4(181 205 206 182)
4(205 229 230 206)
4(229 253 254 230)
4(253 277 278 254)
4(277 301 302 278)
4(301 325 326 302)
4(325 349 350 326)
4(349 373 374 350)
4(373 397 398 374)
4(397 421 422 398)
4(421 445 446 422)
4(445 469 470 446)
4(469 493 494 470)
4(493 517 518 494)
4(517 541 542 518)
4(541 565 566 542)
4(565 589 590 566)
4(14 38 39 15)
4(38 62 63 39)
4(62 86 87 63)
4(86 110 111 87)
4(110 134 135 111)
4(134 158 159 135)
4(158 182 183 159)
4(182 206 207 183)
4(206 230 231 207)
4(230 254 255 231)
4(254 278 279 255)
4(278 302 303 279)
4(302 326 327 303)
4(326 350 351 327)
4(350 374 375 351)
4(374 398 399 375)
4(398 422 423 399)
4(422 446 447 423)
4(446 470 471 447)
4(470 494 495 471)
4(494 518 519 495)
4(518 542 543 519)
4(542 566 567 543)
4(566 590 591 567)
4(15 39 40 16)
4(39 63 64 40)
4(63 87 88 64)
4(87 111 112 88)
4(111 135 136 112)
4(135 159 160 136)
4(159 183 184 160)
4(183 207 208 184)
4(207 231 232 208)
4(231 255 256 232)
4(255 279 280 256)
4(279 303 304 280)
4(303 327 328 304)
4(327 351 352 328)
4(351 375 376 352)
4(375 399 400 376)
4(399 423 424 400)
4(423 447 448 424)
4(447 471 472 448)
4(471 495 496 472)
4(495 519 520 496)
4(519 543 544 520)
4(543 567 568 544)
4(567 591 592 568)
4(16 40 41 17)
4(40 64 65 41)
4(64 88 89 65)
4(88 112 113 89)
4(112 136 137 113)
4(136 160 161 137)
4(160 184 185 161)
4(184 208 209 185)
4(208 232 233 209)
4(232 256 257 233)
4(256 280 281 257)
4(280 304 305 281)
4(304 328 329 305)
4(328 352 353 329)
4(352 376 377 353)
4(376 400 401 377)
4(400 424 425 401)
4(424 448 449 425)
4(448 472 473 449)
4(472 496 497 473)
4(496 520 521 497)
4(520 544 545 521)
4(544 568 569 545)
4(568 592 593 569)
4(17 41 42 18)
4(41 65 66 42)
4(65 89 90 66)
4(89 113 114 90)
4(113 137 138 114)
4(137 161 162 138)
4(161 185 186 162)
4(185 209 210 186)
4(209 233 234 210)
4(233 257 258 234)
4(257 281 282 258)
4(281 305 306 282)
4(305 329 330 306)
4(329 353 354 330)
4(353 377 378 354)
4(377 401 402 378)
4(401 425 426 402)
4(425 449 450 426)
4(449 473 474 450)
4(473 497 498 474)
4(497 521 522 498)
4(521 545 546 522)
4(545 569 570 546)
4(569 593 594 570)
4(18 42 43 19)
4(42 66 67 43)
4(66 90 91 67)
4(90 114 115 91)
4(114 138 139 115)
4(138 162 163 139)
4(162 186 187 163)
4(186 210 211 187)
4(210 234 235 211)
4(234 258 259 235)
4(258 282 283 259)
4(282 306 307 283)
4(306 330 331 307)
4(330 354 355 331)
4(354 378 379 355)
4(378 402 403 379)
4(402 426 427 403)
4(426 450 451 427)
4(450 474 475 451)
4(474 498 499 475)
4(498 522 523 499)
4(522 546 547 523)
4(546 570 571 547)
4(570 594 595 571)
4(19 43 44 20)
4(43 67 68 44)
4(67 91 92 68)
4(91 115 116 92)
4(115 139 140 116)
4(139 163 164 140)
4(163 187 188 164)
4(187 211 212 188)
4(211 235 236 212)
4(235 259 260 236)
4(259 283 284 260)
4(283 307 308 284)
4(307 331 332 308)
4(331 355 356 332)
4(355 379 380 356)
4(379 403 404 380)
4(403 427 428 404)
4(427 451 452 428)
4(451 475 476 452)
4(475 499 500 476)
4(499 523 524 500)
4(523 547 548 524)
4(547 571 572 548)
4(571 595 596 572)
4(20 44 45 21)
4(44 68 69 45)
4(68 92 93 69)
4(92 116 117 93)
4(116 140 141 117)
4(140 164 165 141)
4(164 188 189 165)
4(188 212 213 189)
4(212 236 237 213)
4(236 260 261 237)
4(260 284 285 261)
4(284 308 309 285)
4(308 332 333 309)
4(332 356 357 333)
4(356 380 381 357)
4(380 404 405 381)
4(404 428 429 405)
4(428 452 453 429)
4(452 476 477 453)
4(476 500 501 477)
4(500 524 525 501)
4(524 548 549 525)
4(548 572 573 549)
4(572 596 597 573)
4(21 45 46 22)
4(45 69 70 46)
4(69 93 94 70)
4(93 117 118 94)
4(117 141 142 118)
4(141 165 166 142)
4(165 189 190 166)
4(189 213 214 190)
4(213 237 238 214)
4(237 261 262 238)
4(261 285 286 262)
4(285 309 310 286)
4(309 333 334 310)
4(333 357 358 334)
4(357 381 382 358)
4(381 405 406 382)
4(405 429 430 406)
4(429 453 454 430)
4(453 477 478 454)
4(477 501 502 478)
4(501 525 526 502)
4(525 549 550 526)
4(549 573 574 550)
4(573 597 598 574)
4(22 46 47 23)
4(46 70 71 47)
4(70 94 95 71)
4(94 118 119 95)
4(118 142 143 119)
4(142 166 167 143)
4(166 190 191 167)
4(190 214 215 191)
4(214 238 239 215)
4(238 262 263 239)
4(262 286 287 263)
4(286 310 311 287)
4(310 334 335 311)
4(334 358 359 335)
4(358 382 383 359)
4(382 406 407 383)
4(406 430 431 407)
4(430 454 455 431)
4(454 478 479 455)
4(478 502 503 479)
4(502 526 527 503)
4(526 550 551 527)
4(550 574 575 551)
4(574 598 599 575)
4(23 47 48 24)
4(47 71 72 48)
4(71 95 96 72)
4(95 119 120 96)
4(119 143 144 120)
4(143 167 168 144)
4(167 191 192 168)
4(191 215 216 192)
4(215 239 240 216)
4(239 263 264 240)
4(263 287 288 264)
4(287 311 312 288)
4(311 335 336 312)
4(335 359 360 336)
4(359 383 384 360)
4(383 407 408 384)
4(407 431 432 408)
4(431 455 456 432)
4(455 479 480 456)
4(479 503 504 480)
4(503 527 528 504)
4(527 551 552 528)
4(551 575 576 552)
4(575 599 600 576)
4(0 24 25 1)
4(24 48 49 25)
4(48 72 73 49)
4(72 96 97 73)
4(96 120 121 97)
4(120 144 145 121)
4(144 168 169 145)
4(168 192 193 169)
4(192 216 217 193)
4(216 240 241 217)
4(240 264 265 241)
4(264 288 289 265)
4(288 312 313 289)
4(312 336 337 313)
4(336 360 361 337)
4(360 384 385 361)
4(384 408 409 385)
4(408 432 433 409)
4(432 456 457 433)
4(456 480 481 457)
4(480 504 505 481)
4(504 528 529 505)
4(528 552 553 529)
4(552 576 577 553)
4(576 600 601 577)
4(1 25 26 2)
4(25 49 50 26)
4(49 73 74 50)
4(73 97 98 74)
4(97 121 122 98)
4(121 145 146 122)
4(145 169 170 146)
4(169 193 194 170)
4(193 217 218 194)
4(217 241 242 218)
4(241 265 266 242)
4(265 289 290 266)
4(289 313 314 290)
4(313 337 338 314)
4(337 361 362 338)
4(361 385 386 362)
4(385 409 410 386)
4(409 433 434 410)
4(433 457 458 434)
4(457 481 482 458)
4(481 505 506 482)
4(505 529 530 506)
4(529 553 554 530)
4(553 577 578 554)
4(577 601 602 578)
4(2 26 27 3)
4(26 50 51 27)
4(50 74 75 51)
4(74 98 99 75)
4(98 122 123 99)
4(122 146 147 123)
4(146 170 171 147)
4(170 194 195 171)
4(194 218 219 195)
4(218 242 243 219)
4(242 266 267 243)
4(266 290 291 267)
4(290 314 315 291)
4(314 338 339 315)
4(338 362 363 339)
4(362 386 387 363)
4(386 410 411 387)
4(410 434 435 411)
4(434 458 459 435)
4(458 482 483 459)
4(482 506 507 483)
4(506 530 531 507)
4(530 554 555 531)
4(554 578 579 555)
4(578 602 603 579)
4(3 27 28 4)
4(27 51 52 28)
4(51 75 76 52)
4(75 99 100 76)
4(99 123 124 100)
4(123 147 148 124)
4(147 171 172 148)
4(171 195 196 172)
4(195 219 220 196)
4(219 243 244 220)
4(243 267 268 244)
4(267 291 292 268)
4(291 315 316 292)
4(315 339 340 316)
4(339 363 364 340)
4(363 387 388 364)
4(387 411 412 388)
4(411 435 436 412)
4(435 459 460 436)
4(459 483 484 460)
4(483 507 508 484)
4(507 531 532 508)
4(531 555 556 532)
4(555 579 580 556)
4(579 603 604 580)
4(4 28 29 5)
4(28 52 53 29)
4(52 76 77 53)
4(76 100 101 77)
4(100 124 125 101)
4(124 148 149 125)
4(148 172 173 149)
4(172 196 197 173)
4(196 220 221 197)
4(220 244 245 221)
4(244 268 269 245)
4(268 292 293 269)
4(292 316 317 293)
4(316 340 341 317)
4(340 364 365 341)
4(364 388 389 365)
4(388 412 413 389)
4(412 436 437 413)
4(436 460 461 437)
4(460 484 485 461)
4(484 508 509 485)
4(508 532 533 509)
4(532 556 557 533)
4(556 580 581 557)
4(580 604 605 581)
4(5 29 30 6)
4(29 53 54 30)
4(53 77 78 54)
4(77 101 102 78)
4(101 125 126 102)
4(125 149 150 126)
4(149 173 174 150)
4(173 197 198 174)
4(197 221 222 198)
4(221 245 246 222)
4(245 269 270 246)
4(269 293 294 270)
4(293 317 318 294)
4(317 341 342 318)
4(341 365 366 342)
4(365 389 390 366)
4(389 413 414 390)
4(413 437 438 414)
4(437 461 462 438)
4(461 485 486 462)
4(485 509 510 486)
4(509 533 534 510)
4(533 557 558 534)
4(557 581 582 558)
4(581 605 606 582)
4(6 30 31 7)
4(30 54 55 31)
4(54 78 79 55)
4(78 102 103 79)
4(102 126 127 103)
4(126 150 151 127)
4(150 174 175 151)
4(174 198 199 175)
4(198 222 223 199)
4(222 246 247 223)
4(246 270 271 247)
4(270 294 295 271)
4(294 318 319 295)
4(318 342 343 319)
4(342 366 367 343)
4(366 390 391 367)
4(390 414 415 391)
4(414 438 439 415)
4(438 462 463 439)
4(462 486 487 463)
4(486 510 511 487)
4(510 534 535 511)
4(534 558 559 535)
4(558 582 583 559)
4(582 606 607 583)
4(616 617 641 640)
4(640 641 665 664)
4(664 665 689 688)
4(688 689 713 712)
4(712 713 737 736)
4(736 737 761 760)
4(760 761 785 784)
4(784 785 809 808)
4(808 809 833 832)
4(832 833 857 856)
4(856 857 881 880)
4(880 881 905 904)
4(904 905 929 928)
4(928 929 953 952)
4(952 953 977 976)
4(976 977 1001 1000)
4(1000 1001 1025 1024)
4(1024 1025 1049 1048)
4(1048 1049 1073 1072)
4(1072 1073 1097 1096)
4(1096 1097 1121 1120)
4(1120 1121 1145 1144)
4(1144 1145 1169 1168)
4(1168 1169 1193 1192)
4(617 618 642 641)
4(641 642 666 665)
4(665 666 690 689)
4(689 690 714 713)
4(713 714 738 737)
4(737 738 762 761)
4(761 762 786 785)
4(785 786 810 809)
4(809 810 834 833)
4(833 834 858 857)
4(857 858 882 881)
4(881 882 906 905)
4(905 906 930 929)
4(929 930 954 953)
4(953 954 978 977)
4(977 978 1002 1001)
4(1001 1002 1026 1025)
4(1025 1026 1050 1049)
4(1049 1050 1074 1073)
4(1073 1074 1098 1097)
4(1097 1098 1122 1121)
4(1121 1122 1146 1145)
4(1145 1146 1170 1169)
4(1169 1170 1194 1193)
4(618 619 643 642)
4(642 643 667 666)
4(666 667 691 690)
4(690 691 715 714)
4(714 715 739 738)
4(738 739 763 762)
4(762 763 787 786)
4(786 787 811 810)
4(810 811 835 834)
4(834 835 859 858)
4(858 859 883 882)
4(882 883 907 906)
4(906 907 931 930)
4(930 931 955 954)
4(954 955 979 978)
4(978 979 1003 1002)
4(1002 1003 1027 1026)
4(1026 1027 1051 1050)
4(1050 1051 1075 1074)
4(1074 1075 1099 1098)
4(1098 1099 1123 1122)
4(1122 1123 1147 1146)
4(1146 1147 1171 1170)
4(1170 1171 1195 1194)
4(619 620 644 643)
4(643 644 668 667)
4(667 668 692 691)
4(691 692 716 715)
4(715 716 740 739)
4(739 740 764 763)
4(763 764 788 787)
4(787 788 812 811)
4(811 812 836 835)
4(835 836 860 859)
4(859 860 884 883)
4(883 884 908 907)
4(907 908 932 931)
4(931 932 956 955)
4(955 956 980 979)
4(979 980 1004 1003)
4(1003 1004 1028 1027)
4(1027 1028 1052 1051)
4(1051 1052 1076 1075)
4(1075 1076 1100 1099)
4(1099 1100 1124 1123)
4(1123 1124 1148 1147)
4(1147 1148 1172 1171)
4(1171 1172 1196 1195)
4(620 621 645 644)
4(644 645 669 668)
4(668 669 693 692)
4(692 693 717 716)
4(716 717 741 740)
4(740 741 765 764)
4(764 765 789 788)
4(788 789 813 812)
4(812 813 837 836)
4(836 837 861 860)
4(860 861 885 884)
4(884 885 909 908)
4(908 909 933 932)
4(932 933 957 956)
4(956 957 981 980)
4(980 981 1005 1004)
4(1004 1005 1029 1028)
4(1028 1029 1053 1052)
4(1052 1053 1077 1076)
4(1076 1077 1101 1100)
4(1100 1101 1125 1124)
4(1124 1125 1149 1148)
4(1148 1149 1173 1172)
4(1172 1173 1197 1196)
4(621 622 646 645)
4(645 646 670 669)
4(669 670 694 693)
4(693 694 718 717)
4(717 718 742 741)
4(741 742 766 765)
4(765 766 790 789)
4(789 790 814 813)
4(813 814 838 837)
4(837 838 862 861)
4(861 862 886 885)
4(885 886 910 909)
4(909 910 934 933)
4(933 934 958 957)
4(957 958 982 981)
4(981 982 1006 1005)
4(1005 1006 1030 1029)
4(1029 1030 1054 1053)
4(1053 1054 1078 1077)
4(1077 1078 1102 1101)
4(1101 1102 1126 1125)
4(1125 1126 1150 1149)
4(1149 1150 1174 1173)
4(1173 1174 1198 1197)
4(622 623 647 646)
4(646 647 671 670)
4(670 671 695 694)
4(694 695 719 718)
4(718 719 743 742)
4(742 743 767 766)
4(766 767 791 790)
4(790 791 815 814)
4(814 815 839 838)
4(838 839 863 862)
4(862 863 887 886)
4(886 887 911 910)
4(910 911 935 934)
4(934 935 959 958)
4(958 959 983 982)
4(982 983 1007 1006)
4(1006 1007 1031 1030)
4(1030 1031 1055 1054)
4(1054 1055 1079 1078)
4(1078 1079 1103 1102)
4(1102 1103 1127 1126)
4(1126 1127 1151 1150)
4(1150 1151 1175 1174)
4(1174 1175 1199 1198)
4(623 624 648 647)
4(647 648 672 671)
4(671 672 696 695)
4(695 696 720 719)
4(719 720 744 743)
4(743 744 768 767)
4(767 768 792 791)
4(791 792 816 815)
4(815 816 840 839)
4(839 840 864 863)
4(863 864 888 887)
4(887 888 912 911)
4(911 912 936 935)
4(935 936 960 959)
4(959 960 984 983)
4(983 984 1008 1007)
4(1007 1008 1032 1031)
4(1031 1032 1056 1055)
4(1055 1056 1080 1079)
4(1079 1080 1104 1103)
4(1103 1104 1128 1127)
4(1127 1128 1152 1151)
4(1151 1152 1176 1175)
4(1175 1176 1200 1199)
4(624 625 649 648)
4(648 649 673 672)
4(672 673 697 696)
4(696 697 721 720)
4(720 721 745 744)
4(744 745 769 768)
4(768 769 793 792)
4(792 793 817 816)
4(816 817 841 840)
4(840 841 865 864)
4(864 865 889 888)
4(888 889 913 912)
4(912 913 937 936)
4(936 937 961 960)
4(960 961 985 984)
4(984 985 1009 1008)
4(1008 1009 1033 1032)
4(1032 1033 1057 1056)
4(1056 1057 1081 1080)
4(1080 1081 1105 1104)
4(1104 1105 1129 1128)
4(1128 1129 1153 1152)
4(1152 1153 1177 1176)
4(1176 1177 1201 1200)
4(625 626 650 649)
4(649 650 674 673)
4(673 674 698 697)
4(697 698 722 721)
4(721 722 746 745)
4(745 746 770 769)
4(769 770 794 793)
4(793 794 818 817)
4(817 818 842 841)
4(841 842 866 865)
4(865 866 890 889)
4(889 890 914 913)
4(913 914 938 937)
4(937 938 962 961)
4(961 962 986 985)
4(985 986 1010 1009)
4(1009 1010 1034 1033)
4(1033 1034 1058 1057)
4(1057 1058 1082 1081)
4(1081 1082 1106 1105)
4(1105 1106 1130 1129)
4(1129 1130 1154 1153)
4(1153 1154 1178 1177)
4(1177 1178 1202 1201)
4(626 627 651 650)
4(650 651 675 674)
4(674 675 699 698)
4(698 699 723 722)
4(722 723 747 746)
4(746 747 771 770)
4(770 771 795 794)
4(794 795 819 818)
4(818 819 843 842)
4(842 843 867 866)
4(866 867 891 890)
4(890 891 915 914)
4(914 915 939 938)
4(938 939 963 962)
4(962 963 987 986)
4(986 987 1011 1010)
4(1010 1011 1035 1034)
4(1034 1035 1059 1058)
4(1058 1059 1083 1082)
4(1082 1083 1107 1106)
4(1106 1107 1131 1130)
4(1130 1131 1155 1154)
4(1154 1155 1179 1178)
4(1178 1179 1203 1202)
4(627 628 652 651)
4(651 652 676 675)
4(675 676 700 699)
4(699 700 724 723)
4(723 724 748 747)
4(747 748 772 771)
4(771 772 796 795)
4(795 796 820 819)
4(819 820 844 843)
4(843 844 868 867)
4(867 868 892 891)
4(891 892 916 915)
4(915 916 940 939)
4(939 940 964 963)
4(963 964 988 987)
4(987 988 1012 1011)
4(1011 1012 1036 1035)
4(1035 1036 1060 1059)
4(1059 1060 1084 1083)
4(1083 1084 1108 1107)
4(1107 1108 1132 1131)
4(1131 1132 1156 1155)
4(1155 1156 1180 1179)
4(1179 1180 1204 1203)
4(628 629 653 652)
4(652 653 677 676)
4(676 677 701 700)
4(700 701 725 724)
4(724 725 749 748)
4(748 749 773 772)
4(772 773 797 796)
4(796 797 821 820)
4(820 821 845 844)
4(844 845 869 868)
4(868 869 893 892)
4(892 893 917 916)
4(916 917 941 940)
4(940 941 965 964)
4(964 965 989 988)
4(988 989 1013 1012)
4(1012 1013 1037 1036)
4(1036 1037 1061 1060)
4(1060 1061 1085 1084)
4(1084 1085 1109 1108)
4(1108 1109 1133 1132)
4(1132 1133 1157 1156)
4(1156 1157 1181 1180)
4(1180 1181 1205 1204)
4(629 630 654 653)
4(653 654 678 677)
4(677 678 702 701)
4(701 702 726 725)
4(725 726 750 749)
4(749 750 774 773)
4(773 774 798 797)
4(797 798 822 821)
4(821 822 846 845)
4(845 846 870 869)
4(869 870 894 893)
4(893 894 918 917)
4(917 918 942 941)
4(941 942 966 965)
4(965 966 990 989)
4(989 990 1014 1013)
4(1013 1014 1038 1037)
4(1037 1038 1062 1061)
4(1061 1062 1086 1085)
4(1085 1086 1110 1109)
4(1109 1110 1134 1133)
4(1133 1134 1158 1157)
4(1157 1158 1182 1181)
4(1181 1182 1206 1205)
4(630 631 655 654)
4(654 655 679 678)
4(678 679 703 702)
4(702 703 727 726)
4(726 727 751 750)
4(750 751 775 774)
4(774 775 799 798)
4(798 799 823 822)
4(822 823 847 846)
4(846 847 871 870)
4(870 871 895 894)
4(894 895 919 918)
4(918 919 943 942)
4(942 943 967 966)
4(966 967 991 990)
4(990 991 1015 1014)
4(1014 1015 1039 1038)
4(1038 1039 1063 1062)
4(1062 1063 1087 1086)
4(1086 1087 1111 1110)
4(1110 1111 1135 1134)
4(1134 1135 1159 1158)
4(1158 1159 1183 1182)
4(1182 1183 1207 1206)
4(631 632 656 655)
4(655 656 680 679)
4(679 680 704 703)
4(703 704 728 727)
4(727 728 752 751)
4(751 752 776 775)
4(775 776 800 799)
4(799 800 824 823)
4(823 824 848 847)
4(847 848 872 871)
4(871 872 896 895)
4(895 896 920 919)
4(919 920 944 943)
4(943 944 968 967)
4(967 968 992 991)
4(991 992 1016 1015)
4(1015 1016 1040 1039)
4(1039 1040 1064 1063)
4(1063 1064 1088 1087)
4(1087 1088 1112 1111)
4(1111 1112 1136 1135)
4(1135 1136 1160 1159)
4(1159 1160 1184 1183)
4(1183 1184 1208 1207)
4(608 609 633 632)
4(632 633 657 656)
4(656 657 681 680)
4(680 681 705 704)
4(704 705 729 728)
4(728 729 753 752)
4(752 753 777 776)
4(776 777 801 800)
4(800 801 825 824)
4(824 825 849 848)
4(848 849 873 872)
4(872 873 897 896)
4(896 897 921 920)
4(920 921 945 944)
4(944 945 969 968)
4(968 969 993 992)
4(992 993 1017 1016)
4(1016 1017 1041 1040)
4(1040 1041 1065 1064)
4(1064 1065 1089 1088)
4(1088 1089 1113 1112)
4(1112 1113 1137 1136)
4(1136 1137 1161 1160)
4(1160 1161 1185 1184)
4(1184 1185 1209 1208)
4(609 610 634 633)
4(633 634 658 657)
4(657 658 682 681)
4(681 682 706 705)
4(705 706 730 729)
4(729 730 754 753)
4(753 754 778 777)
4(777 778 802 801)
4(801 802 826 825)
4(825 826 850 849)
4(849 850 874 873)
4(873 874 898 897)
4(897 898 922 921)
4(921 922 946 945)
4(945 946 970 969)
4(969 970 994 993)
4(993 994 1018 1017)
4(1017 1018 1042 1041)
4(1041 1042 1066 1065)
4(1065 1066 1090 1089)
4(1089 1090 1114 1113)
4(1113 1114 1138 1137)
4(1137 1138 1162 1161)
4(1161 1162 1186 1185)
4(1185 1186 1210 1209)
4(610 611 635 634)
4(634 635 659 658)
4(658 659 683 682)
4(682 683 707 706)
4(706 707 731 730)
4(730 731 755 754)
4(754 755 779 778)
4(778 779 803 802)
4(802 803 827 826)
4(826 827 851 850)
4(850 851 875 874)
4(874 875 899 898)
4(898 899 923 922)
4(922 923 947 946)
4(946 947 971 970)
4(970 971 995 994)
4(994 995 1019 1018)
4(1018 1019 1043 1042)
4(1042 1043 1067 1066)
4(1066 1067 1091 1090)
4(1090 1091 1115 1114)
4(1114 1115 1139 1138)
4(1138 1139 1163 1162)
4(1162 1163 1187 1186)
4(1186 1187 1211 1210)
4(611 612 636 635)
4(635 636 660 659)
4(659 660 684 683)
4(683 684 708 707)
4(707 708 732 731)
4(731 732 756 755)
4(755 756 780 779)
4(779 780 804 803)
4(803 804 828 827)
4(827 828 852 851)
4(851 852 876 875)
4(875 876 900 899)
4(899 900 924 923)
4(923 924 948 947)
4(947 948 972 971)
4(971 972 996 995)
4(995 996 1020 1019)
4(1019 1020 1044 1043)
4(1043 1044 1068 1067)
4(1067 1068 1092 1091)
4(1091 1092 1116 1115)
4(1115 1116 1140 1139)
4(1139 1140 1164 1163)
4(1163 1164 1188 1187)
4(1187 1188 1212 1211)
4(612 613 637 636)
4(636 637 661 660)
4(660 661 685 684)
4(684 685 709 708)
4(708 709 733 732)
4(732 733 757 756)
4(756 757 781 780)
4(780 781 805 804)
4(804 805 829 828)
4(828 829 853 852)
4(852 853 877 876)
4(876 877 901 900)
4(900 901 925 924)
4(924 925 949 948)
4(948 949 973 972)
4(972 973 997 996)
4(996 997 1021 1020)
4(1020 1021 1045 1044)
4(1044 1045 1069 1068)
4(1068 1069 1093 1092)
4(1092 1093 1117 1116)
4(1116 1117 1141 1140)
4(1140 1141 1165 1164)
4(1164 1165 1189 1188)
4(1188 1189 1213 1212)
4(613 614 638 637)
4(637 638 662 661)
4(661 662 686 685)
4(685 686 710 709)
4(709 710 734 733)
4(733 734 758 757)
4(757 758 782 781)
4(781 782 806 805)
4(805 806 830 829)
4(829 830 854 853)
4(853 854 878 877)
4(877 878 902 901)
4(901 902 926 925)
4(925 926 950 949)
4(949 950 974 973)
4(973 974 998 997)
4(997 998 1022 1021)
4(1021 1022 1046 1045)
4(1045 1046 1070 1069)
4(1069 1070 1094 1093)
4(1093 1094 1118 1117)
4(1117 1118 1142 1141)
4(1141 1142 1166 1165)
4(1165 1166 1190 1189)
4(1189 1190 1214 1213)
4(614 615 639 638)
4(638 639 663 662)
4(662 663 687 686)
4(686 687 711 710)
4(710 711 735 734)
4(734 735 759 758)
4(758 759 783 782)
4(782 783 807 806)
4(806 807 831 830)
4(830 831 855 854)
4(854 855 879 878)
4(878 879 903 902)
4(902 903 927 926)
4(926 927 951 950)
4(950 951 975 974)
4(974 975 999 998)
4(998 999 1023 1022)
4(1022 1023 1047 1046)
4(1046 1047 1071 1070)
4(1070 1071 1095 1094)
4(1094 1095 1119 1118)
4(1118 1119 1143 1142)
4(1142 1143 1167 1166)
4(1166 1167 1191 1190)
4(1190 1191 1215 1214)
4(7 31 1220 1216)
4(31 55 1224 1220)
4(55 79 1228 1224)
4(79 103 1232 1228)
4(103 127 1236 1232)
4(127 151 1240 1236)
4(151 175 1244 1240)
4(175 199 1248 1244)
4(199 223 1252 1248)
4(223 247 1256 1252)
4(247 271 1260 1256)
4(271 295 1264 1260)
4(295 319 1268 1264)
4(319 343 1272 1268)
4(343 367 1276 1272)
4(367 391 1280 1276)
4(391 415 1284 1280)
4(415 439 1288 1284)
4(439 463 1292 1288)
4(463 487 1296 1292)
4(487 511 1300 1296)
4(511 535 1304 1300)
4(535 559 1308 1304)
4(559 583 1312 1308)
4(583 607 1316 1312)
4(1216 1220 1221 1217)
4(1220 1224 1225 1221)
4(1224 1228 1229 1225)
4(1228 1232 1233 1229)
4(1232 1236 1237 1233)
4(1236 1240 1241 1237)
4(1240 1244 1245 1241)
4(1244 1248 1249 1245)
4(1248 1252 1253 1249)
4(1252 1256 1257 1253)
4(1256 1260 1261 1257)
4(1260 1264 1265 1261)
4(1264 1268 1269 1265)
4(1268 1272 1273 1269)
4(1272 1276 1277 1273)
4(1276 1280 1281 1277)
4(1280 1284 1285 1281)
4(1284 1288 1289 1285)
4(1288 1292 1293 1289)
4(1292 1296 1297 1293)
4(1296 1300 1301 1297)
4(1300 1304 1305 1301)
4(1304 1308 1309 1305)
4(1308 1312 1313 1309)
4(1312 1316 1317 1313)
4(1217 1221 1222 1218)
4(1221 1225 1226 1222)
4(1225 1229 1230 1226)
4(1229 1233 1234 1230)
4(1233 1237 1238 1234)
4(1237 1241 1242 1238)
4(1241 1245 1246 1242)
4(1245 1249 1250 1246)
4(1249 1253 1254 1250)
4(1253 1257 1258 1254)
4(1257 1261 1262 1258)
4(1261 1265 1266 1262)
4(1265 1269 1270 1266)
4(1269 1273 1274 1270)
4(1273 1277 1278 1274)
4(1277 1281 1282 1278)
4(1281 1285 1286 1282)
4(1285 1289 1290 1286)
4(1289 1293 1294 1290)
4(1293 1297 1298 1294)
4(1297 1301 1302 1298)
4(1301 1305 1306 1302)
4(1305 1309 1310 1306)
4(1309 1313 1314 1310)
4(1313 1317 1318 1314)
4(1218 1222 1223 1219)
4(1222 1226 1227 1223)
4(1226 1230 1231 1227)
4(1230 1234 1235 1231)
4(1234 1238 1239 1235)
4(1238 1242 1243 1239)
4(1242 1246 1247 1243)
4(1246 1250 1251 1247)
4(1250 1254 1255 1251)
4(1254 1258 1259 1255)
4(1258 1262 1263 1259)
4(1262 1266 1267 1263)
4(1266 1270 1271 1267)
4(1270 1274 1275 1271)
4(1274 1278 1279 1275)
4(1278 1282 1283 1279)
4(1282 1286 1287 1283)
4(1286 1290 1291 1287)
4(1290 1294 1295 1291)
4(1294 1298 1299 1295)
4(1298 1302 1303 1299)
4(1302 1306 1307 1303)
4(1306 1310 1311 1307)
4(1310 1314 1315 1311)
4(1314 1318 1319 1315)
4(615 1320 1324 639)
4(639 1324 1328 663)
4(663 1328 1332 687)
4(687 1332 1336 711)
4(711 1336 1340 735)
4(735 1340 1344 759)
4(759 1344 1348 783)
4(783 1348 1352 807)
4(807 1352 1356 831)
4(831 1356 1360 855)
4(855 1360 1364 879)
4(879 1364 1368 903)
4(903 1368 1372 927)
4(927 1372 1376 951)
4(951 1376 1380 975)
4(975 1380 1384 999)
4(999 1384 1388 1023)
4(1023 1388 1392 1047)
4(1047 1392 1396 1071)
4(1071 1396 1400 1095)
4(1095 1400 1404 1119)
4(1119 1404 1408 1143)
4(1143 1408 1412 1167)
4(1167 1412 1416 1191)
4(1191 1416 1420 1215)
4(1320 1321 1325 1324)
4(1324 1325 1329 1328)
4(1328 1329 1333 1332)
4(1332 1333 1337 1336)
4(1336 1337 1341 1340)
4(1340 1341 1345 1344)
4(1344 1345 1349 1348)
4(1348 1349 1353 1352)
4(1352 1353 1357 1356)
4(1356 1357 1361 1360)
4(1360 1361 1365 1364)
4(1364 1365 1369 1368)
4(1368 1369 1373 1372)
4(1372 1373 1377 1376)
4(1376 1377 1381 1380)
4(1380 1381 1385 1384)
4(1384 1385 1389 1388)
4(1388 1389 1393 1392)
4(1392 1393 1397 1396)
4(1396 1397 1401 1400)
4(1400 1401 1405 1404)
4(1404 1405 1409 1408)
4(1408 1409 1413 1412)
4(1412 1413 1417 1416)
4(1416 1417 1421 1420)
4(1321 1322 1326 1325)
4(1325 1326 1330 1329)
4(1329 1330 1334 1333)
4(1333 1334 1338 1337)
4(1337 1338 1342 1341)
4(1341 1342 1346 1345)
4(1345 1346 1350 1349)
4(1349 1350 1354 1353)
4(1353 1354 1358 1357)
4(1357 1358 1362 1361)
4(1361 1362 1366 1365)
4(1365 1366 1370 1369)
4(1369 1370 1374 1373)
4(1373 1374 1378 1377)
4(1377 1378 1382 1381)
4(1381 1382 1386 1385)
4(1385 1386 1390 1389)
4(1389 1390 1394 1393)
4(1393 1394 1398 1397)
4(1397 1398 1402 1401)
4(1401 1402 1406 1405)
4(1405 1406 1410 1409)
4(1409 1410 1414 1413)
4(1413 1414 1418 1417)
4(1417 1418 1422 1421)
4(1322 1323 1327 1326)
4(1326 1327 1331 1330)
4(1330 1331 1335 1334)
4(1334 1335 1339 1338)
4(1338 1339 1343 1342)
4(1342 1343 1347 1346)
4(1346 1347 1351 1350)
4(1350 1351 1355 1354)
4(1354 1355 1359 1358)
4(1358 1359 1363 1362)
4(1362 1363 1367 1366)
4(1366 1367 1371 1370)
4(1370 1371 1375 1374)
4(1374 1375 1379 1378)
4(1378 1379 1383 1382)
4(1382 1383 1387 1386)
4(1386 1387 1391 1390)
4(1390 1391 1395 1394)
4(1394 1395 1399 1398)
4(1398 1399 1403 1402)
4(1402 1403 1407 1406)
4(1406 1407 1411 1410)
4(1410 1411 1415 1414)
4(1414 1415 1419 1418)
4(1418 1419 1423 1422)
4(1219 1223 1443 1424)
4(1223 1227 1462 1443)
4(1227 1231 1481 1462)
4(1231 1235 1500 1481)
4(1235 1239 1519 1500)
4(1239 1243 1538 1519)
4(1243 1247 1557 1538)
4(1247 1251 1576 1557)
4(1251 1255 1595 1576)
4(1255 1259 1614 1595)
4(1259 1263 1633 1614)
4(1263 1267 1652 1633)
4(1267 1271 1671 1652)
4(1271 1275 1690 1671)
4(1275 1279 1709 1690)
4(1279 1283 1728 1709)
4(1283 1287 1747 1728)
4(1287 1291 1766 1747)
4(1291 1295 1785 1766)
4(1295 1299 1804 1785)
4(1299 1303 1823 1804)
4(1303 1307 1842 1823)
4(1307 1311 1861 1842)
4(1311 1315 1880 1861)
4(1315 1319 1899 1880)
4(1424 1443 1444 1425)
4(1443 1462 1463 1444)
4(1462 1481 1482 1463)
4(1481 1500 1501 1482)
4(1500 1519 1520 1501)
4(1519 1538 1539 1520)
4(1538 1557 1558 1539)
4(1557 1576 1577 1558)
4(1576 1595 1596 1577)
4(1595 1614 1615 1596)
4(1614 1633 1634 1615)
4(1633 1652 1653 1634)
4(1652 1671 1672 1653)
4(1671 1690 1691 1672)
4(1690 1709 1710 1691)
4(1709 1728 1729 1710)
4(1728 1747 1748 1729)
4(1747 1766 1767 1748)
4(1766 1785 1786 1767)
4(1785 1804 1805 1786)
4(1804 1823 1824 1805)
4(1823 1842 1843 1824)
4(1842 1861 1862 1843)
4(1861 1880 1881 1862)
4(1880 1899 1900 1881)
4(1425 1444 1445 1426)
4(1444 1463 1464 1445)
4(1463 1482 1483 1464)
4(1482 1501 1502 1483)
4(1501 1520 1521 1502)
4(1520 1539 1540 1521)
4(1539 1558 1559 1540)
4(1558 1577 1578 1559)
4(1577 1596 1597 1578)
4(1596 1615 1616 1597)
4(1615 1634 1635 1616)
4(1634 1653 1654 1635)
4(1653 1672 1673 1654)
4(1672 1691 1692 1673)
4(1691 1710 1711 1692)
4(1710 1729 1730 1711)
4(1729 1748 1749 1730)
4(1748 1767 1768 1749)
4(1767 1786 1787 1768)
4(1786 1805 1806 1787)
4(1805 1824 1825 1806)
4(1824 1843 1844 1825)
4(1843 1862 1863 1844)
4(1862 1881 1882 1863)
4(1881 1900 1901 1882)
4(1426 1445 1446 1427)
4(1445 1464 1465 1446)
4(1464 1483 1484 1465)
4(1483 1502 1503 1484)
4(1502 1521 1522 1503)
4(1521 1540 1541 1522)
4(1540 1559 1560 1541)
4(1559 1578 1579 1560)
4(1578 1597 1598 1579)
4(1597 1616 1617 1598)
4(1616 1635 1636 1617)
4(1635 1654 1655 1636)
4(1654 1673 1674 1655)
4(1673 1692 1693 1674)
4(1692 1711 1712 1693)
4(1711 1730 1731 1712)
4(1730 1749 1750 1731)
4(1749 1768 1769 1750)
4(1768 1787 1788 1769)
4(1787 1806 1807 1788)
4(1806 1825 1826 1807)
4(1825 1844 1845 1826)
4(1844 1863 1864 1845)
4(1863 1882 1883 1864)
4(1882 1901 1902 1883)
4(1427 1446 1447 1428)
4(1446 1465 1466 1447)
4(1465 1484 1485 1466)
4(1484 1503 1504 1485)
4(1503 1522 1523 1504)
4(1522 1541 1542 1523)
4(1541 1560 1561 1542)
4(1560 1579 1580 1561)
4(1579 1598 1599 1580)
4(1598 1617 1618 1599)
4(1617 1636 1637 1618)
4(1636 1655 1656 1637)
4(1655 1674 1675 1656)
4(1674 1693 1694 1675)
4(1693 1712 1713 1694)
4(1712 1731 1732 1713)
4(1731 1750 1751 1732)
4(1750 1769 1770 1751)
4(1769 1788 1789 1770)
4(1788 1807 1808 1789)
4(1807 1826 1827 1808)
4(1826 1845 1846 1827)
4(1845 1864 1865 1846)
4(1864 1883 1884 1865)
4(1883 1902 1903 1884)
4(1428 1447 1448 1429)
4(1447 1466 1467 1448)
4(1466 1485 1486 1467)
4(1485 1504 1505 1486)
4(1504 1523 1524 1505)
4(1523 1542 1543 1524)
4(1542 1561 1562 1543)
4(1561 1580 1581 1562)
4(1580 1599 1600 1581)
4(1599 1618 1619 1600)
4(1618 1637 1638 1619)
4(1637 1656 1657 1638)
4(1656 1675 1676 1657)
4(1675 1694 1695 1676)
4(1694 1713 1714 1695)
4(1713 1732 1733 1714)
4(1732 1751 1752 1733)
4(1751 1770 1771 1752)
4(1770 1789 1790 1771)
4(1789 1808 1809 1790)
4(1808 1827 1828 1809)
4(1827 1846 1847 1828)
4(1846 1865 1866 1847)
4(1865 1884 1885 1866)
4(1884 1903 1904 1885)
4(1429 1448 1449 1430)
4(1448 1467 1468 1449)
4(1467 1486 1487 1468)
4(1486 1505 1506 1487)
4(1505 1524 1525 1506)
4(1524 1543 1544 1525)
4(1543 1562 1563 1544)
4(1562 1581 1582 1563)
4(1581 1600 1601 1582)
4(1600 1619 1620 1601)
4(1619 1638 1639 1620)
4(1638 1657 1658 1639)
4(1657 1676 1677 1658)
4(1676 1695 1696 1677)
4(1695 1714 1715 1696)
4(1714 1733 1734 1715)
4(1733 1752 1753 1734)
4(1752 1771 1772 1753)
4(1771 1790 1791 1772)
4(1790 1809 1810 1791)
4(1809 1828 1829 1810)
4(1828 1847 1848 1829)
4(1847 1866 1867 1848)
4(1866 1885 1886 1867)
4(1885 1904 1905 1886)
4(1430 1449 1450 1431)
4(1449 1468 1469 1450)
4(1468 1487 1488 1469)
4(1487 1506 1507 1488)
4(1506 1525 1526 1507)
4(1525 1544 1545 1526)
4(1544 1563 1564 1545)
4(1563 1582 1583 1564)
4(1582 1601 1602 1583)
4(1601 1620 1621 1602)
4(1620 1639 1640 1621)
4(1639 1658 1659 1640)
4(1658 1677 1678 1659)
4(1677 1696 1697 1678)
4(1696 1715 1716 1697)
4(1715 1734 1735 1716)
4(1734 1753 1754 1735)
4(1753 1772 1773 1754)
4(1772 1791 1792 1773)
4(1791 1810 1811 1792)
4(1810 1829 1830 1811)
4(1829 1848 1849 1830)
4(1848 1867 1868 1849)
4(1867 1886 1887 1868)
4(1886 1905 1906 1887)
4(1431 1450 1451 1432)
4(1450 1469 1470 1451)
4(1469 1488 1489 1470)
4(1488 1507 1508 1489)
4(1507 1526 1527 1508)
4(1526 1545 1546 1527)
4(1545 1564 1565 1546)
4(1564 1583 1584 1565)
4(1583 1602 1603 1584)
4(1602 1621 1622 1603)
4(1621 1640 1641 1622)
4(1640 1659 1660 1641)
4(1659 1678 1679 1660)
4(1678 1697 1698 1679)
4(1697 1716 1717 1698)
4(1716 1735 1736 1717)
4(1735 1754 1755 1736)
4(1754 1773 1774 1755)
4(1773 1792 1793 1774)
4(1792 1811 1812 1793)
4(1811 1830 1831 1812)
4(1830 1849 1850 1831)
4(1849 1868 1869 1850)
4(1868 1887 1888 1869)
4(1887 1906 1907 1888)
4(1432 1451 1452 1433)
4(1451 1470 1471 1452)
4(1470 1489 1490 1471)
4(1489 1508 1509 1490)
4(1508 1527 1528 1509)
4(1527 1546 1547 1528)
4(1546 1565 1566 1547)
4(1565 1584 1585 1566)
4(1584 1603 1604 1585)
4(1603 1622 1623 1604)
4(1622 1641 1642 1623)
4(1641 1660 1661 1642)
4(1660 1679 1680 1661)
4(1679 1698 1699 1680)
4(1698 1717 1718 1699)
4(1717 1736 1737 1718)
4(1736 1755 1756 1737)
4(1755 1774 1775 1756)
4(1774 1793 1794 1775)
4(1793 1812 1813 1794)
4(1812 1831 1832 1813)
4(1831 1850 1851 1832)
4(1850 1869 1870 1851)
4(1869 1888 1889 1870)
4(1888 1907 1908 1889)
4(1433 1452 1453 1434)
4(1452 1471 1472 1453)
4(1471 1490 1491 1472)
4(1490 1509 1510 1491)
4(1509 1528 1529 1510)
4(1528 1547 1548 1529)
4(1547 1566 1567 1548)
4(1566 1585 1586 1567)
4(1585 1604 1605 1586)
4(1604 1623 1624 1605)
4(1623 1642 1643 1624)
4(1642 1661 1662 1643)
4(1661 1680 1681 1662)
4(1680 1699 1700 1681)
4(1699 1718 1719 1700)
4(1718 1737 1738 1719)
4(1737 1756 1757 1738)
4(1756 1775 1776 1757)
4(1775 1794 1795 1776)
4(1794 1813 1814 1795)
4(1813 1832 1833 1814)
4(1832 1851 1852 1833)
4(1851 1870 1871 1852)
4(1870 1889 1890 1871)
4(1889 1908 1909 1890)
4(1434 1453 1454 1435)
4(1453 1472 1473 1454)
4(1472 1491 1492 1473)
4(1491 1510 1511 1492)
4(1510 1529 1530 1511)
4(1529 1548 1549 1530)
4(1548 1567 1568 1549)
4(1567 1586 1587 1568)
4(1586 1605 1606 1587)
4(1605 1624 1625 1606)
4(1624 1643 1644 1625)
4(1643 1662 1663 1644)
4(1662 1681 1682 1663)
4(1681 1700 1701 1682)
4(1700 1719 1720 1701)
4(1719 1738 1739 1720)
4(1738 1757 1758 1739)
4(1757 1776 1777 1758)
4(1776 1795 1796 1777)
4(1795 1814 1815 1796)
4(1814 1833 1834 1815)
4(1833 1852 1853 1834)
4(1852 1871 1872 1853)
4(1871 1890 1891 1872)
4(1890 1909 1910 1891)
4(1435 1454 1455 1436)
4(1454 1473 1474 1455)
4(1473 1492 1493 1474)
4(1492 1511 1512 1493)
4(1511 1530 1531 1512)
4(1530 1549 1550 1531)
4(1549 1568 1569 1550)
4(1568 1587 1588 1569)
4(1587 1606 1607 1588)
4(1606 1625 1626 1607)
4(1625 1644 1645 1626)
4(1644 1663 1664 1645)
4(1663 1682 1683 1664)
4(1682 1701 1702 1683)
4(1701 1720 1721 1702)
4(1720 1739 1740 1721)
4(1739 1758 1759 1740)
4(1758 1777 1778 1759)
4(1777 1796 1797 1778)
4(1796 1815 1816 1797)
4(1815 1834 1835 1816)
4(1834 1853 1854 1835)
4(1853 1872 1873 1854)
4(1872 1891 1892 1873)
4(1891 1910 1911 1892)
4(1436 1455 1456 1437)
4(1455 1474 1475 1456)
4(1474 1493 1494 1475)
4(1493 1512 1513 1494)
4(1512 1531 1532 1513)
4(1531 1550 1551 1532)
4(1550 1569 1570 1551)
4(1569 1588 1589 1570)
4(1588 1607 1608 1589)
4(1607 1626 1627 1608)
4(1626 1645 1646 1627)
4(1645 1664 1665 1646)
4(1664 1683 1684 1665)
4(1683 1702 1703 1684)
4(1702 1721 1722 1703)
4(1721 1740 1741 1722)
4(1740 1759 1760 1741)
4(1759 1778 1779 1760)
4(1778 1797 1798 1779)
4(1797 1816 1817 1798)
4(1816 1835 1836 1817)
4(1835 1854 1855 1836)
4(1854 1873 1874 1855)
4(1873 1892 1893 1874)
4(1892 1911 1912 1893)
4(1437 1456 1457 1438)
4(1456 1475 1476 1457)
4(1475 1494 1495 1476)
4(1494 1513 1514 1495)
4(1513 1532 1533 1514)
4(1532 1551 1552 1533)
4(1551 1570 1571 1552)
4(1570 1589 1590 1571)
4(1589 1608 1609 1590)
4(1608 1627 1628 1609)
4(1627 1646 1647 1628)
4(1646 1665 1666 1647)
4(1665 1684 1685 1666)
4(1684 1703 1704 1685)
4(1703 1722 1723 1704)
4(1722 1741 1742 1723)
4(1741 1760 1761 1742)
4(1760 1779 1780 1761)
4(1779 1798 1799 1780)
4(1798 1817 1818 1799)
4(1817 1836 1837 1818)
4(1836 1855 1856 1837)
4(1855 1874 1875 1856)
4(1874 1893 1894 1875)
4(1893 1912 1913 1894)
4(1438 1457 1458 1439)
4(1457 1476 1477 1458)
4(1476 1495 1496 1477)
4(1495 1514 1515 1496)
4(1514 1533 1534 1515)
4(1533 1552 1553 1534)
4(1552 1571 1572 1553)
4(1571 1590 1591 1572)
4(1590 1609 1610 1591)
4(1609 1628 1629 1610)
4(1628 1647 1648 1629)
4(1647 1666 1667 1648)
4(1666 1685 1686 1667)
4(1685 1704 1705 1686)
4(1704 1723 1724 1705)
4(1723 1742 1743 1724)
4(1742 1761 1762 1743)
4(1761 1780 1781 1762)
4(1780 1799 1800 1781)
4(1799 1818 1819 1800)
4(1818 1837 1838 1819)
4(1837 1856 1857 1838)
4(1856 1875 1876 1857)
4(1875 1894 1895 1876)
4(1894 1913 1914 1895)
4(1439 1458 1459 1440)
4(1458 1477 1478 1459)
4(1477 1496 1497 1478)
4(1496 1515 1516 1497)
4(1515 1534 1535 1516)
4(1534 1553 1554 1535)
4(1553 1572 1573 1554)
4(1572 1591 1592 1573)
4(1591 1610 1611 1592)
4(1610 1629 1630 1611)
4(1629 1648 1649 1630)
4(1648 1667 1668 1649)
4(1667 1686 1687 1668)
4(1686 1705 1706 1687)
4(1705 1724 1725 1706)
4(1724 1743 1744 1725)
4(1743 1762 1763 1744)
4(1762 1781 1782 1763)
4(1781 1800 1801 1782)
4(1800 1819 1820 1801)
4(1819 1838 1839 1820)
4(1838 1857 1858 1839)
4(1857 1876 1877 1858)
4(1876 1895 1896 1877)
4(1895 1914 1915 1896)
4(1440 1459 1460 1441)
4(1459 1478 1479 1460)
4(1478 1497 1498 1479)
4(1497 1516 1517 1498)
4(1516 1535 1536 1517)
4(1535 1554 1555 1536)
4(1554 1573 1574 1555)
4(1573 1592 1593 1574)
4(1592 1611 1612 1593)
4(1611 1630 1631 1612)
4(1630 1649 1650 1631)
4(1649 1668 1669 1650)
4(1668 1687 1688 1669)
4(1687 1706 1707 1688)
4(1706 1725 1726 1707)
4(1725 1744 1745 1726)
4(1744 1763 1764 1745)
4(1763 1782 1783 1764)
4(1782 1801 1802 1783)
4(1801 1820 1821 1802)
4(1820 1839 1840 1821)
4(1839 1858 1859 1840)
4(1858 1877 1878 1859)
4(1877 1896 1897 1878)
4(1896 1915 1916 1897)
4(1441 1460 1461 1442)
4(1460 1479 1480 1461)
4(1479 1498 1499 1480)
4(1498 1517 1518 1499)
4(1517 1536 1537 1518)
4(1536 1555 1556 1537)
4(1555 1574 1575 1556)
4(1574 1593 1594 1575)
4(1593 1612 1613 1594)
4(1612 1631 1632 1613)
4(1631 1650 1651 1632)
4(1650 1669 1670 1651)
4(1669 1688 1689 1670)
4(1688 1707 1708 1689)
4(1707 1726 1727 1708)
4(1726 1745 1746 1727)
4(1745 1764 1765 1746)
4(1764 1783 1784 1765)
4(1783 1802 1803 1784)
4(1802 1821 1822 1803)
4(1821 1840 1841 1822)
4(1840 1859 1860 1841)
4(1859 1878 1879 1860)
4(1878 1897 1898 1879)
4(1897 1916 1917 1898)
4(1323 1918 1937 1327)
4(1327 1937 1956 1331)
4(1331 1956 1975 1335)
4(1335 1975 1994 1339)
4(1339 1994 2013 1343)
4(1343 2013 2032 1347)
4(1347 2032 2051 1351)
4(1351 2051 2070 1355)
4(1355 2070 2089 1359)
4(1359 2089 2108 1363)
4(1363 2108 2127 1367)
4(1367 2127 2146 1371)
4(1371 2146 2165 1375)
4(1375 2165 2184 1379)
4(1379 2184 2203 1383)
4(1383 2203 2222 1387)
4(1387 2222 2241 1391)
4(1391 2241 2260 1395)
4(1395 2260 2279 1399)
4(1399 2279 2298 1403)
4(1403 2298 2317 1407)
4(1407 2317 2336 1411)
4(1411 2336 2355 1415)
4(1415 2355 2374 1419)
4(1419 2374 2393 1423)
4(1918 1919 1938 1937)
4(1937 1938 1957 1956)
4(1956 1957 1976 1975)
4(1975 1976 1995 1994)
4(1994 1995 2014 2013)
4(2013 2014 2033 2032)
4(2032 2033 2052 2051)
4(2051 2052 2071 2070)
4(2070 2071 2090 2089)
4(2089 2090 2109 2108)
4(2108 2109 2128 2127)
4(2127 2128 2147 2146)
4(2146 2147 2166 2165)
4(2165 2166 2185 2184)
4(2184 2185 2204 2203)
4(2203 2204 2223 2222)
4(2222 2223 2242 2241)
4(2241 2242 2261 2260)
4(2260 2261 2280 2279)
4(2279 2280 2299 2298)
4(2298 2299 2318 2317)
4(2317 2318 2337 2336)
4(2336 2337 2356 2355)
4(2355 2356 2375 2374)
4(2374 2375 2394 2393)
4(1919 1920 1939 1938)
4(1938 1939 1958 1957)
4(1957 1958 1977 1976)
4(1976 1977 1996 1995)
4(1995 1996 2015 2014)
4(2014 2015 2034 2033)
4(2033 2034 2053 2052)
4(2052 2053 2072 2071)
4(2071 2072 2091 2090)
4(2090 2091 2110 2109)
4(2109 2110 2129 2128)
4(2128 2129 2148 2147)
4(2147 2148 2167 2166)
4(2166 2167 2186 2185)
4(2185 2186 2205 2204)
4(2204 2205 2224 2223)
4(2223 2224 2243 2242)
4(2242 2243 2262 2261)
4(2261 2262 2281 2280)
4(2280 2281 2300 2299)
4(2299 2300 2319 2318)
4(2318 2319 2338 2337)
4(2337 2338 2357 2356)
4(2356 2357 2376 2375)
4(2375 2376 2395 2394)
4(1920 1921 1940 1939)
4(1939 1940 1959 1958)
4(1958 1959 1978 1977)
4(1977 1978 1997 1996)
4(1996 1997 2016 2015)
4(2015 2016 2035 2034)
4(2034 2035 2054 2053)
4(2053 2054 2073 2072)
4(2072 2073 2092 2091)
4(2091 2092 2111 2110)
4(2110 2111 2130 2129)
4(2129 2130 2149 2148)
4(2148 2149 2168 2167)
4(2167 2168 2187 2186)
4(2186 2187 2206 2205)
4(2205 2206 2225 2224)
4(2224 2225 2244 2243)
4(2243 2244 2263 2262)
4(2262 2263 2282 2281)
4(2281 2282 2301 2300)
4(2300 2301 2320 2319)
4(2319 2320 2339 2338)
4(2338 2339 2358 2357)
4(2357 2358 2377 2376)
4(2376 2377 2396 2395)
4(1921 1922 1941 1940)
4(1940 1941 1960 1959)
4(1959 1960 1979 1978)
4(1978 1979 1998 1997)
4(1997 1998 2017 2016)
4(2016 2017 2036 2035)
4(2035 2036 2055 2054)
4(2054 2055 2074 2073)
4(2073 2074 2093 2092)
4(2092 2093 2112 2111)
4(2111 2112 2131 2130)
4(2130 2131 2150 2149)
4(2149 2150 2169 2168)
4(2168 2169 2188 2187)
4(2187 2188 2207 2206)
4(2206 2207 2226 2225)
4(2225 2226 2245 2244)
4(2244 2245 2264 2263)
4(2263 2264 2283 2282)
4(2282 2283 2302 2301)
4(2301 2302 2321 2320)
4(2320 2321 2340 2339)
4(2339 2340 2359 2358)
4(2358 2359 2378 2377)
4(2377 2378 2397 2396)
4(1922 1923 1942 1941)
4(1941 1942 1961 1960)
4(1960 1961 1980 1979)
4(1979 1980 1999 1998)
4(1998 1999 2018 2017)
4(2017 2018 2037 2036)
4(2036 2037 2056 2055)
4(2055 2056 2075 2074)
4(2074 2075 2094 2093)
4(2093 2094 2113 2112)
4(2112 2113 2132 2131)
4(2131 2132 2151 2150)
4(2150 2151 2170 2169)
4(2169 2170 2189 2188)
4(2188 2189 2208 2207)
4(2207 2208 2227 2226)
4(2226 2227 2246 2245)
4(2245 2246 2265 2264)
4(2264 2265 2284 2283)
4(2283 2284 2303 2302)
4(2302 2303 2322 2321)
4(2321 2322 2341 2340)
4(2340 2341 2360 2359)
4(2359 2360 2379 2378)
4(2378 2379 2398 2397)
4(1923 1924 1943 1942)
4(1942 1943 1962 1961)
4(1961 1962 1981 1980)
4(1980 1981 2000 1999)
4(1999 2000 2019 2018)
4(2018 2019 2038 2037)
4(2037 2038 2057 2056)
4(2056 2057 2076 2075)
4(2075 2076 2095 2094)
4(2094 2095 2114 2113)
4(2113 2114 2133 2132)
4(2132 2133 2152 2151)
4(2151 2152 2171 2170)
4(2170 2171 2190 2189)
4(2189 2190 2209 2208)
4(2208 2209 2228 2227)
4(2227 2228 2247 2246)
4(2246 2247 2266 2265)
4(2265 2266 2285 2284)
4(2284 2285 2304 2303)
4(2303 2304 2323 2322)
4(2322 2323 2342 2341)
4(2341 2342 2361 2360)
4(2360 2361 2380 2379)
4(2379 2380 2399 2398)
4(1924 1925 1944 1943)
4(1943 1944 1963 1962)
4(1962 1963 1982 1981)
4(1981 1982 2001 2000)
4(2000 2001 2020 2019)
4(2019 2020 2039 2038)
4(2038 2039 2058 2057)
4(2057 2058 2077 2076)
4(2076 2077 2096 2095)
4(2095 2096 2115 2114)
4(2114 2115 2134 2133)
4(2133 2134 2153 2152)
4(2152 2153 2172 2171)
4(2171 2172 2191 2190)
4(2190 2191 2210 2209)
4(2209 2210 2229 2228)
4(2228 2229 2248 2247)
4(2247 2248 2267 2266)
4(2266 2267 2286 2285)
4(2285 2286 2305 2304)
4(2304 2305 2324 2323)
4(2323 2324 2343 2342)
4(2342 2343 2362 2361)
4(2361 2362 2381 2380)
4(2380 2381 2400 2399)
4(1925 1926 1945 1944)
4(1944 1945 1964 1963)
4(1963 1964 1983 1982)
4(1982 1983 2002 2001)
4(2001 2002 2021 2020)
4(2020 2021 2040 2039)
4(2039 2040 2059 2058)
4(2058 2059 2078 2077)
4(2077 2078 2097 2096)
4(2096 2097 2116 2115)
4(2115 2116 2135 2134)
4(2134 2135 2154 2153)
4(2153 2154 2173 2172)
4(2172 2173 2192 2191)
4(2191 2192 2211 2210)
4(2210 2211 2230 2229)
4(2229 2230 2249 2248)
4(2248 2249 2268 2267)
4(2267 2268 2287 2286)
4(2286 2287 2306 2305)
4(2305 2306 2325 2324)
4(2324 2325 2344 2343)
4(2343 2344 2363 2362)
4(2362 2363 2382 2381)
4(2381 2382 2401 2400)
4(1926 1927 1946 1945)
4(1945 1946 1965 1964)
4(1964 1965 1984 1983)
4(1983 1984 2003 2002)
4(2002 2003 2022 2021)
4(2021 2022 2041 2040)
4(2040 2041 2060 2059)
4(2059 2060 2079 2078)
4(2078 2079 2098 2097)
4(2097 2098 2117 2116)
4(2116 2117 2136 2135)
4(2135 2136 2155 2154)
4(2154 2155 2174 2173)
4(2173 2174 2193 2192)
4(2192 2193 2212 2211)
4(2211 2212 2231 2230)
4(2230 2231 2250 2249)
4(2249 2250 2269 2268)
4(2268 2269 2288 2287)
4(2287 2288 2307 2306)
4(2306 2307 2326 2325)
4(2325 2326 2345 2344)
4(2344 2345 2364 2363)
4(2363 2364 2383 2382)
4(2382 2383 2402 2401)
4(1927 1928 1947 1946)
4(1946 1947 1966 1965)
4(1965 1966 1985 1984)
4(1984 1985 2004 2003)
4(2003 2004 2023 2022)
4(2022 2023 2042 2041)
4(2041 2042 2061 2060)
4(2060 2061 2080 2079)
4(2079 2080 2099 2098)
4(2098 2099 2118 2117)
4(2117 2118 2137 2136)
4(2136 2137 2156 2155)
4(2155 2156 2175 2174)
4(2174 2175 2194 2193)
4(2193 2194 2213 2212)
4(2212 2213 2232 2231)
4(2231 2232 2251 2250)
4(2250 2251 2270 2269)
4(2269 2270 2289 2288)
4(2288 2289 2308 2307)
4(2307 2308 2327 2326)
4(2326 2327 2346 2345)
4(2345 2346 2365 2364)
4(2364 2365 2384 2383)
4(2383 2384 2403 2402)
4(1928 1929 1948 1947)
4(1947 1948 1967 1966)
4(1966 1967 1986 1985)
4(1985 1986 2005 2004)
4(2004 2005 2024 2023)
4(2023 2024 2043 2042)
4(2042 2043 2062 2061)
4(2061 2062 2081 2080)
4(2080 2081 2100 2099)
4(2099 2100 2119 2118)
4(2118 2119 2138 2137)
4(2137 2138 2157 2156)
4(2156 2157 2176 2175)
4(2175 2176 2195 2194)
4(2194 2195 2214 2213)
4(2213 2214 2233 2232)
4(2232 2233 2252 2251)
4(2251 2252 2271 2270)
4(2270 2271 2290 2289)
4(2289 2290 2309 2308)
4(2308 2309 2328 2327)
4(2327 2328 2347 2346)
4(2346 2347 2366 2365)
4(2365 2366 2385 2384)
4(2384 2385 2404 2403)
4(1929 1930 1949 1948)
4(1948 1949 1968 1967)
4(1967 1968 1987 1986)
4(1986 1987 2006 2005)
4(2005 2006 2025 2024)
4(2024 2025 2044 2043)
4(2043 2044 2063 2062)
4(2062 2063 2082 2081)
4(2081 2082 2101 2100)
4(2100 2101 2120 2119)
4(2119 2120 2139 2138)
4(2138 2139 2158 2157)
4(2157 2158 2177 2176)
4(2176 2177 2196 2195)
4(2195 2196 2215 2214)
4(2214 2215 2234 2233)
4(2233 2234 2253 2252)
4(2252 2253 2272 2271)
4(2271 2272 2291 2290)
4(2290 2291 2310 2309)
4(2309 2310 2329 2328)
4(2328 2329 2348 2347)
4(2347 2348 2367 2366)
4(2366 2367 2386 2385)
4(2385 2386 2405 2404)
4(1930 1931 1950 1949)
4(1949 1950 1969 1968)
4(1968 1969 1988 1987)
4(1987 1988 2007 2006)
4(2006 2007 2026 2025)
4(2025 2026 2045 2044)
4(2044 2045 2064 2063)
4(2063 2064 2083 2082)
4(2082 2083 2102 2101)
4(2101 2102 2121 2120)
4(2120 2121 2140 2139)
4(2139 2140 2159 2158)
4(2158 2159 2178 2177)
4(2177 2178 2197 2196)
4(2196 2197 2216 2215)
4(2215 2216 2235 2234)
4(2234 2235 2254 2253)
4(2253 2254 2273 2272)
4(2272 2273 2292 2291)
4(2291 2292 2311 2310)
4(2310 2311 2330 2329)
4(2329 2330 2349 2348)
4(2348 2349 2368 2367)
4(2367 2368 2387 2386)
4(2386 2387 2406 2405)
4(1931 1932 1951 1950)
4(1950 1951 1970 1969)
4(1969 1970 1989 1988)
4(1988 1989 2008 2007)
4(2007 2008 2027 2026)
4(2026 2027 2046 2045)
4(2045 2046 2065 2064)
4(2064 2065 2084 2083)
4(2083 2084 2103 2102)
4(2102 2103 2122 2121)
4(2121 2122 2141 2140)
4(2140 2141 2160 2159)
4(2159 2160 2179 2178)
4(2178 2179 2198 2197)
4(2197 2198 2217 2216)
4(2216 2217 2236 2235)
4(2235 2236 2255 2254)
4(2254 2255 2274 2273)
4(2273 2274 2293 2292)
4(2292 2293 2312 2311)
4(2311 2312 2331 2330)
4(2330 2331 2350 2349)
4(2349 2350 2369 2368)
4(2368 2369 2388 2387)
4(2387 2388 2407 2406)
4(1932 1933 1952 1951)
4(1951 1952 1971 1970)
4(1970 1971 1990 1989)
4(1989 1990 2009 2008)
4(2008 2009 2028 2027)
4(2027 2028 2047 2046)
4(2046 2047 2066 2065)
4(2065 2066 2085 2084)
4(2084 2085 2104 2103)
4(2103 2104 2123 2122)
4(2122 2123 2142 2141)
4(2141 2142 2161 2160)
4(2160 2161 2180 2179)
4(2179 2180 2199 2198)
4(2198 2199 2218 2217)
4(2217 2218 2237 2236)
4(2236 2237 2256 2255)
4(2255 2256 2275 2274)
4(2274 2275 2294 2293)
4(2293 2294 2313 2312)
4(2312 2313 2332 2331)
4(2331 2332 2351 2350)
4(2350 2351 2370 2369)
4(2369 2370 2389 2388)
4(2388 2389 2408 2407)
4(1933 1934 1953 1952)
4(1952 1953 1972 1971)
4(1971 1972 1991 1990)
4(1990 1991 2010 2009)
4(2009 2010 2029 2028)
4(2028 2029 2048 2047)
4(2047 2048 2067 2066)
4(2066 2067 2086 2085)
4(2085 2086 2105 2104)
4(2104 2105 2124 2123)
4(2123 2124 2143 2142)
4(2142 2143 2162 2161)
4(2161 2162 2181 2180)
4(2180 2181 2200 2199)
4(2199 2200 2219 2218)
4(2218 2219 2238 2237)
4(2237 2238 2257 2256)
4(2256 2257 2276 2275)
4(2275 2276 2295 2294)
4(2294 2295 2314 2313)
4(2313 2314 2333 2332)
4(2332 2333 2352 2351)
4(2351 2352 2371 2370)
4(2370 2371 2390 2389)
4(2389 2390 2409 2408)
4(1934 1935 1954 1953)
4(1953 1954 1973 1972)
4(1972 1973 1992 1991)
4(1991 1992 2011 2010)
4(2010 2011 2030 2029)
4(2029 2030 2049 2048)
4(2048 2049 2068 2067)
4(2067 2068 2087 2086)
4(2086 2087 2106 2105)
4(2105 2106 2125 2124)
4(2124 2125 2144 2143)
4(2143 2144 2163 2162)
4(2162 2163 2182 2181)
4(2181 2182 2201 2200)
4(2200 2201 2220 2219)
4(2219 2220 2239 2238)
4(2238 2239 2258 2257)
4(2257 2258 2277 2276)
4(2276 2277 2296 2295)
4(2295 2296 2315 2314)
4(2314 2315 2334 2333)
4(2333 2334 2353 2352)
4(2352 2353 2372 2371)
4(2371 2372 2391 2390)
4(2390 2391 2410 2409)
4(1935 1936 1955 1954)
4(1954 1955 1974 1973)
4(1973 1974 1993 1992)
4(1992 1993 2012 2011)
4(2011 2012 2031 2030)
4(2030 2031 2050 2049)
4(2049 2050 2069 2068)
4(2068 2069 2088 2087)
4(2087 2088 2107 2106)
4(2106 2107 2126 2125)
4(2125 2126 2145 2144)
4(2144 2145 2164 2163)
4(2163 2164 2183 2182)
4(2182 2183 2202 2201)
4(2201 2202 2221 2220)
4(2220 2221 2240 2239)
4(2239 2240 2259 2258)
4(2258 2259 2278 2277)
4(2277 2278 2297 2296)
4(2296 2297 2316 2315)
4(2315 2316 2335 2334)
4(2334 2335 2354 2353)
4(2353 2354 2373 2372)
4(2372 2373 2392 2391)
4(2391 2392 2411 2410)
4(0 1 609 608)
4(1 2 610 609)
4(2 3 611 610)
4(3 4 612 611)
4(4 5 613 612)
4(5 6 614 613)
4(6 7 615 614)
4(8 9 617 616)
4(9 10 618 617)
4(10 11 619 618)
4(11 12 620 619)
4(12 13 621 620)
4(13 14 622 621)
4(14 15 623 622)
4(15 16 624 623)
4(16 17 625 624)
4(17 18 626 625)
4(18 19 627 626)
4(19 20 628 627)
4(20 21 629 628)
4(21 22 630 629)
4(22 23 631 630)
4(0 608 632 24)
4(23 24 632 631)
4(7 1216 1320 615)
4(1216 1217 1321 1320)
4(1217 1218 1322 1321)
4(1218 1219 1323 1322)
4(1219 1424 1918 1323)
4(1424 1425 1919 1918)
4(1425 1426 1920 1919)
4(1426 1427 1921 1920)
4(1427 1428 1922 1921)
4(1428 1429 1923 1922)
4(1429 1430 1924 1923)
4(1430 1431 1925 1924)
4(1431 1432 1926 1925)
4(1432 1433 1927 1926)
4(1433 1434 1928 1927)
4(1434 1435 1929 1928)
4(1435 1436 1930 1929)
4(1436 1437 1931 1930)
4(1437 1438 1932 1931)
4(1438 1439 1933 1932)
4(1439 1440 1934 1933)
4(1440 1441 1935 1934)
4(1441 1442 1936 1935)
)


// ************************************************************************* //
