/*--------------------------------*- C++ -*----------------------------------*\
| =========                 |                                                 |
| \\      /  F ield         | OpenFOAM: The Open Source CFD Toolbox           |
|  \\    /   O peration     | Version:  v1712                                 |
|   \\  /    A nd           | Web:      www.OpenFOAM.com                      |
|    \\/     M anipulation  |                                                 |
\*---------------------------------------------------------------------------*/
FoamFile
{
    version     2.0;
    format      ascii;
    class       labelList;
    note        "nPoints: 2412 nCells: 1134 nFaces: 4607 nInternalFaces: 2197";
    location    "constant/polyMesh";
    object      neighbour;
}
// * * * * * * * * * * * * * * * * * * * * * * * * * * * * * * * * * * * * * //


2197
(
1
23
2
24
3
25
4
26
5
27
6
28
29
559
8
30
9
31
10
32
11
33
12
34
13
35
14
36
15
37
16
38
17
39
18
40
19
41
20
42
21
43
22
44
23
45
24
46
25
47
26
48
27
49
28
50
29
51
52
563
31
53
32
54
33
55
34
56
35
57
36
58
37
59
38
60
39
61
40
62
41
63
42
64
43
65
44
66
45
67
46
68
47
69
48
70
49
71
50
72
51
73
52
74
75
567
54
76
55
77
56
78
57
79
58
80
59
81
60
82
61
83
62
84
63
85
64
86
65
87
66
88
67
89
68
90
69
91
70
92
71
93
72
94
73
95
74
96
75
97
98
571
77
99
78
100
79
101
80
102
81
103
82
104
83
105
84
106
85
107
86
108
87
109
88
110
89
111
90
112
91
113
92
114
93
115
94
116
95
117
96
118
97
119
98
120
121
575
100
122
101
123
102
124
103
125
104
126
105
127
106
128
107
129
108
130
109
131
110
132
111
133
112
134
113
135
114
136
115
137
116
138
117
139
118
140
119
141
120
142
121
143
144
579
123
145
124
146
125
147
126
148
127
149
128
150
129
151
130
152
131
153
132
154
133
155
134
156
135
157
136
158
137
159
138
160
139
161
140
162
141
163
142
164
143
165
144
166
167
583
146
168
147
169
148
170
149
171
150
172
151
173
152
174
153
175
154
176
155
177
156
178
157
179
158
180
159
181
160
182
161
183
162
184
163
185
164
186
165
187
166
188
167
189
190
587
169
191
170
192
171
193
172
194
173
195
174
196
175
197
176
198
177
199
178
200
179
201
180
202
181
203
182
204
183
205
184
206
185
207
186
208
187
209
188
210
189
211
190
212
213
591
192
214
193
215
194
216
195
217
196
218
197
219
198
220
199
221
200
222
201
223
202
224
203
225
204
226
205
227
206
228
207
229
208
230
209
231
210
232
211
233
212
234
213
235
236
595
215
237
216
238
217
239
218
240
219
241
220
242
221
243
222
244
223
245
224
246
225
247
226
248
227
249
228
250
229
251
230
252
231
253
232
254
233
255
234
256
235
257
236
258
259
599
238
260
239
261
240
262
241
263
242
264
243
265
244
266
245
267
246
268
247
269
248
270
249
271
250
272
251
273
252
274
253
275
254
276
255
277
256
278
257
279
258
280
259
281
282
603
261
283
262
284
263
285
264
286
265
287
266
288
267
289
268
290
269
291
270
292
271
293
272
294
273
295
274
296
275
297
276
298
277
299
278
300
279
301
280
302
281
303
282
304
305
607
284
306
285
307
286
308
287
309
288
310
289
311
290
312
291
313
292
314
293
315
294
316
295
317
296
318
297
319
298
320
299
321
300
322
301
323
302
324
303
325
304
326
305
327
328
611
307
329
308
330
309
331
310
332
311
333
312
334
313
335
314
336
315
337
316
338
317
339
318
340
319
341
320
342
321
343
322
344
323
345
324
346
325
347
326
348
327
349
328
350
351
615
330
352
331
353
332
354
333
355
334
356
335
357
336
358
337
359
338
360
339
361
340
362
341
363
342
364
343
365
344
366
345
367
346
368
347
369
348
370
349
371
350
372
351
373
374
619
353
375
354
376
355
377
356
378
357
379
358
380
359
381
360
382
361
383
362
384
363
385
364
386
365
387
366
388
367
389
368
390
369
391
370
392
371
393
372
394
373
395
374
396
397
623
376
398
377
399
378
400
379
401
380
402
381
403
382
404
383
405
384
406
385
407
386
408
387
409
388
410
389
411
390
412
391
413
392
414
393
415
394
416
395
417
396
418
397
419
420
627
399
421
400
422
401
423
402
424
403
425
404
426
405
427
406
428
407
429
408
430
409
431
410
432
411
433
412
434
413
435
414
436
415
437
416
438
417
439
418
440
419
441
420
442
443
631
422
444
423
445
424
446
425
447
426
448
427
449
428
450
429
451
430
452
431
453
432
454
433
455
434
456
435
457
436
458
437
459
438
460
439
461
440
462
441
463
442
464
443
465
466
635
445
467
446
468
447
469
448
470
449
471
450
472
451
473
452
474
453
475
454
476
455
477
456
478
457
479
458
480
459
481
460
482
461
483
462
484
463
485
464
486
465
487
466
488
489
639
468
490
469
491
470
492
471
493
472
494
473
495
474
496
475
497
476
498
477
499
478
500
479
501
480
502
481
503
482
504
483
505
484
506
485
507
486
508
487
509
488
510
489
511
512
643
491
513
492
514
493
515
494
516
495
517
496
518
497
519
498
520
499
521
500
522
501
523
502
524
503
525
504
526
505
527
506
528
507
529
508
530
509
531
510
532
511
533
512
534
535
647
514
536
515
537
516
538
517
539
518
540
519
541
520
542
521
543
522
544
523
545
524
546
525
547
526
548
527
549
528
550
529
551
530
552
531
553
532
554
533
555
534
556
535
557
558
651
537
538
539
540
541
542
543
544
545
546
547
548
549
550
551
552
553
554
555
556
557
558
655
560
563
561
564
562
565
566
659
564
567
565
568
566
569
570
678
568
571
569
572
570
573
574
697
572
575
573
576
574
577
578
716
576
579
577
580
578
581
582
735
580
583
581
584
582
585
586
754
584
587
585
588
586
589
590
773
588
591
589
592
590
593
594
792
592
595
593
596
594
597
598
811
596
599
597
600
598
601
602
830
600
603
601
604
602
605
606
849
604
607
605
608
606
609
610
868
608
611
609
612
610
613
614
887
612
615
613
616
614
617
618
906
616
619
617
620
618
621
622
925
620
623
621
624
622
625
626
944
624
627
625
628
626
629
630
963
628
631
629
632
630
633
634
982
632
635
633
636
634
637
638
1001
636
639
637
640
638
641
642
1020
640
643
641
644
642
645
646
1039
644
647
645
648
646
649
650
1058
648
651
649
652
650
653
654
1077
652
655
653
656
654
657
658
1096
656
657
658
1115
660
678
661
679
662
680
663
681
664
682
665
683
666
684
667
685
668
686
669
687
670
688
671
689
672
690
673
691
674
692
675
693
676
694
677
695
696
679
697
680
698
681
699
682
700
683
701
684
702
685
703
686
704
687
705
688
706
689
707
690
708
691
709
692
710
693
711
694
712
695
713
696
714
715
698
716
699
717
700
718
701
719
702
720
703
721
704
722
705
723
706
724
707
725
708
726
709
727
710
728
711
729
712
730
713
731
714
732
715
733
734
717
735
718
736
719
737
720
738
721
739
722
740
723
741
724
742
725
743
726
744
727
745
728
746
729
747
730
748
731
749
732
750
733
751
734
752
753
736
754
737
755
738
756
739
757
740
758
741
759
742
760
743
761
744
762
745
763
746
764
747
765
748
766
749
767
750
768
751
769
752
770
753
771
772
755
773
756
774
757
775
758
776
759
777
760
778
761
779
762
780
763
781
764
782
765
783
766
784
767
785
768
786
769
787
770
788
771
789
772
790
791
774
792
775
793
776
794
777
795
778
796
779
797
780
798
781
799
782
800
783
801
784
802
785
803
786
804
787
805
788
806
789
807
790
808
791
809
810
793
811
794
812
795
813
796
814
797
815
798
816
799
817
800
818
801
819
802
820
803
821
804
822
805
823
806
824
807
825
808
826
809
827
810
828
829
812
830
813
831
814
832
815
833
816
834
817
835
818
836
819
837
820
838
821
839
822
840
823
841
824
842
825
843
826
844
827
845
828
846
829
847
848
831
849
832
850
833
851
834
852
835
853
836
854
837
855
838
856
839
857
840
858
841
859
842
860
843
861
844
862
845
863
846
864
847
865
848
866
867
850
868
851
869
852
870
853
871
854
872
855
873
856
874
857
875
858
876
859
877
860
878
861
879
862
880
863
881
864
882
865
883
866
884
867
885
886
869
887
870
888
871
889
872
890
873
891
874
892
875
893
876
894
877
895
878
896
879
897
880
898
881
899
882
900
883
901
884
902
885
903
886
904
905
888
906
889
907
890
908
891
909
892
910
893
911
894
912
895
913
896
914
897
915
898
916
899
917
900
918
901
919
902
920
903
921
904
922
905
923
924
907
925
908
926
909
927
910
928
911
929
912
930
913
931
914
932
915
933
916
934
917
935
918
936
919
937
920
938
921
939
922
940
923
941
924
942
943
926
944
927
945
928
946
929
947
930
948
931
949
932
950
933
951
934
952
935
953
936
954
937
955
938
956
939
957
940
958
941
959
942
960
943
961
962
945
963
946
964
947
965
948
966
949
967
950
968
951
969
952
970
953
971
954
972
955
973
956
974
957
975
958
976
959
977
960
978
961
979
962
980
981
964
982
965
983
966
984
967
985
968
986
969
987
970
988
971
989
972
990
973
991
974
992
975
993
976
994
977
995
978
996
979
997
980
998
981
999
1000
983
1001
984
1002
985
1003
986
1004
987
1005
988
1006
989
1007
990
1008
991
1009
992
1010
993
1011
994
1012
995
1013
996
1014
997
1015
998
1016
999
1017
1000
1018
1019
1002
1020
1003
1021
1004
1022
1005
1023
1006
1024
1007
1025
1008
1026
1009
1027
1010
1028
1011
1029
1012
1030
1013
1031
1014
1032
1015
1033
1016
1034
1017
1035
1018
1036
1019
1037
1038
1021
1039
1022
1040
1023
1041
1024
1042
1025
1043
1026
1044
1027
1045
1028
1046
1029
1047
1030
1048
1031
1049
1032
1050
1033
1051
1034
1052
1035
1053
1036
1054
1037
1055
1038
1056
1057
1040
1058
1041
1059
1042
1060
1043
1061
1044
1062
1045
1063
1046
1064
1047
1065
1048
1066
1049
1067
1050
1068
1051
1069
1052
1070
1053
1071
1054
1072
1055
1073
1056
1074
1057
1075
1076
1059
1077
1060
1078
1061
1079
1062
1080
1063
1081
1064
1082
1065
1083
1066
1084
1067
1085
1068
1086
1069
1087
1070
1088
1071
1089
1072
1090
1073
1091
1074
1092
1075
1093
1076
1094
1095
1078
1096
1079
1097
1080
1098
1081
1099
1082
1100
1083
1101
1084
1102
1085
1103
1086
1104
1087
1105
1088
1106
1089
1107
1090
1108
1091
1109
1092
1110
1093
1111
1094
1112
1095
1113
1114
1097
1115
1098
1116
1099
1117
1100
1118
1101
1119
1102
1120
1103
1121
1104
1122
1105
1123
1106
1124
1107
1125
1108
1126
1109
1127
1110
1128
1111
1129
1112
1130
1113
1131
1114
1132
1133
1116
1117
1118
1119
1120
1121
1122
1123
1124
1125
1126
1127
1128
1129
1130
1131
1132
1133
)


// ************************************************************************* //
