/*--------------------------------*- C++ -*----------------------------------*\
| =========                 |                                                 |
| \\      /  F ield         | OpenFOAM: The Open Source CFD Toolbox           |
|  \\    /   O peration     | Version:  v1712                                 |
|   \\  /    A nd           | Web:      www.OpenFOAM.com                      |
|    \\/     M anipulation  |                                                 |
\*---------------------------------------------------------------------------*/
FoamFile
{
    version     2.0;
    format      ascii;
    class       vectorField;
    location    "constant/polyMesh";
    object      points;
}
// * * * * * * * * * * * * * * * * * * * * * * * * * * * * * * * * * * * * * //


2412
(
(0.2031304348 0.2649517619 0)
(0.215826087 0.2649517619 0)
(0.2285217391 0.2649517619 0)
(0.2412173913 0.2649517619 0)
(0.2539130435 0.2649517619 0)
(0.2666086957 0.2649517619 0)
(0.2793043478 0.2649517619 0)
(0.292 0.2649517619 0)
(0 0.2777136914 0)
(0.01269565217 0.2777136914 0)
(0.02539130435 0.2777136914 0)
(0.03808695652 0.2777136914 0)
(0.0507826087 0.2777136914 0)
(0.06347826087 0.2777136914 0)
(0.07617391304 0.2777136914 0)
(0.08886956522 0.2777136914 0)
(0.1015652174 0.2777136914 0)
(0.1142608696 0.2777136914 0)
(0.1269565217 0.2777136914 0)
(0.1396521739 0.2777136914 0)
(0.1523478261 0.2777136914 0)
(0.1650434783 0.2777136914 0)
(0.1777391304 0.2777136914 0)
(0.1904347826 0.2777136914 0)
(0.2031304348 0.2777136914 0)
(0.215826087 0.2777136914 0)
(0.2285217391 0.2777136914 0)
(0.2412173913 0.2777136914 0)
(0.2539130435 0.2777136914 0)
(0.2666086957 0.2777136914 0)
(0.2793043478 0.2777136914 0)
(0.292 0.2777136914 0)
(0 0.290475621 0)
(0.01269565217 0.290475621 0)
(0.02539130435 0.290475621 0)
(0.03808695652 0.290475621 0)
(0.0507826087 0.290475621 0)
(0.06347826087 0.290475621 0)
(0.07617391304 0.290475621 0)
(0.08886956522 0.290475621 0)
(0.1015652174 0.290475621 0)
(0.1142608696 0.290475621 0)
(0.1269565217 0.290475621 0)
(0.1396521739 0.290475621 0)
(0.1523478261 0.290475621 0)
(0.1650434783 0.290475621 0)
(0.1777391304 0.290475621 0)
(0.1904347826 0.290475621 0)
(0.2031304348 0.290475621 0)
(0.215826087 0.290475621 0)
(0.2285217391 0.290475621 0)
(0.2412173913 0.290475621 0)
(0.2539130435 0.290475621 0)
(0.2666086957 0.290475621 0)
(0.2793043478 0.290475621 0)
(0.292 0.290475621 0)
(0 0.3032375505 0)
(0.01269565217 0.3032375505 0)
(0.02539130435 0.3032375505 0)
(0.03808695652 0.3032375505 0)
(0.0507826087 0.3032375505 0)
(0.06347826087 0.3032375505 0)
(0.07617391304 0.3032375505 0)
(0.08886956522 0.3032375505 0)
(0.1015652174 0.3032375505 0)
(0.1142608696 0.3032375505 0)
(0.1269565217 0.3032375505 0)
(0.1396521739 0.3032375505 0)
(0.1523478261 0.3032375505 0)
(0.1650434783 0.3032375505 0)
(0.1777391304 0.3032375505 0)
(0.1904347826 0.3032375505 0)
(0.2031304348 0.3032375505 0)
(0.215826087 0.3032375505 0)
(0.2285217391 0.3032375505 0)
(0.2412173913 0.3032375505 0)
(0.2539130435 0.3032375505 0)
(0.2666086957 0.3032375505 0)
(0.2793043478 0.3032375505 0)
(0.292 0.3032375505 0)
(0 0.31599948 0)
(0.01269565217 0.31599948 0)
(0.02539130435 0.31599948 0)
(0.03808695652 0.31599948 0)
(0.0507826087 0.31599948 0)
(0.06347826087 0.31599948 0)
(0.07617391304 0.31599948 0)
(0.08886956522 0.31599948 0)
(0.1015652174 0.31599948 0)
(0.1142608696 0.31599948 0)
(0.1269565217 0.31599948 0)
(0.1396521739 0.31599948 0)
(0.1523478261 0.31599948 0)
(0.1650434783 0.31599948 0)
(0.1777391304 0.31599948 0)
(0.1904347826 0.31599948 0)
(0.2031304348 0.31599948 0)
(0.215826087 0.31599948 0)
(0.2285217391 0.31599948 0)
(0.2412173913 0.31599948 0)
(0.2539130435 0.31599948 0)
(0.2666086957 0.31599948 0)
(0.2793043478 0.31599948 0)
(0.292 0.31599948 0)
(0 0.3287614095 0)
(0.01269565217 0.3287614095 0)
(0.02539130435 0.3287614095 0)
(0.03808695652 0.3287614095 0)
(0.0507826087 0.3287614095 0)
(0.06347826087 0.3287614095 0)
(0.07617391304 0.3287614095 0)
(0.08886956522 0.3287614095 0)
(0.1015652174 0.3287614095 0)
(0.1142608696 0.3287614095 0)
(0.1269565217 0.3287614095 0)
(0.1396521739 0.3287614095 0)
(0.1523478261 0.3287614095 0)
(0.1650434783 0.3287614095 0)
(0.1777391304 0.3287614095 0)
(0.1904347826 0.3287614095 0)
(0.2031304348 0.3287614095 0)
(0.215826087 0.3287614095 0)
(0.2285217391 0.3287614095 0)
(0.2412173913 0.3287614095 0)
(0.2539130435 0.3287614095 0)
(0.2666086957 0.3287614095 0)
(0.2793043478 0.3287614095 0)
(0.292 0.3287614095 0)
(0 0.341523339 0)
(0.01269565217 0.341523339 0)
(0.02539130435 0.341523339 0)
(0.03808695652 0.341523339 0)
(0.0507826087 0.341523339 0)
(0.06347826087 0.341523339 0)
(0.07617391304 0.341523339 0)
(0.08886956522 0.341523339 0)
(0.1015652174 0.341523339 0)
(0.1142608696 0.341523339 0)
(0.1269565217 0.341523339 0)
(0.1396521739 0.341523339 0)
(0.1523478261 0.341523339 0)
(0.1650434783 0.341523339 0)
(0.1777391304 0.341523339 0)
(0.1904347826 0.341523339 0)
(0.2031304348 0.341523339 0)
(0.215826087 0.341523339 0)
(0.2285217391 0.341523339 0)
(0.2412173913 0.341523339 0)
(0.2539130435 0.341523339 0)
(0.2666086957 0.341523339 0)
(0.2793043478 0.341523339 0)
(0.292 0.341523339 0)
(0 0.3542852686 0)
(0.01269565217 0.3542852686 0)
(0.02539130435 0.3542852686 0)
(0.03808695652 0.3542852686 0)
(0.0507826087 0.3542852686 0)
(0.06347826087 0.3542852686 0)
(0.07617391304 0.3542852686 0)
(0.08886956522 0.3542852686 0)
(0.1015652174 0.3542852686 0)
(0.1142608696 0.3542852686 0)
(0.1269565217 0.3542852686 0)
(0.1396521739 0.3542852686 0)
(0.1523478261 0.3542852686 0)
(0.1650434783 0.3542852686 0)
(0.1777391304 0.3542852686 0)
(0.1904347826 0.3542852686 0)
(0.2031304348 0.3542852686 0)
(0.215826087 0.3542852686 0)
(0.2285217391 0.3542852686 0)
(0.2412173913 0.3542852686 0)
(0.2539130435 0.3542852686 0)
(0.2666086957 0.3542852686 0)
(0.2793043478 0.3542852686 0)
(0.292 0.3542852686 0)
(0 0.3670471981 0)
(0.01269565217 0.3670471981 0)
(0.02539130435 0.3670471981 0)
(0.03808695652 0.3670471981 0)
(0.0507826087 0.3670471981 0)
(0.06347826087 0.3670471981 0)
(0.07617391304 0.3670471981 0)
(0.08886956522 0.3670471981 0)
(0.1015652174 0.3670471981 0)
(0.1142608696 0.3670471981 0)
(0.1269565217 0.3670471981 0)
(0.1396521739 0.3670471981 0)
(0.1523478261 0.3670471981 0)
(0.1650434783 0.3670471981 0)
(0.1777391304 0.3670471981 0)
(0.1904347826 0.3670471981 0)
(0.2031304348 0.3670471981 0)
(0.215826087 0.3670471981 0)
(0.2285217391 0.3670471981 0)
(0.2412173913 0.3670471981 0)
(0.2539130435 0.3670471981 0)
(0.2666086957 0.3670471981 0)
(0.2793043478 0.3670471981 0)
(0.292 0.3670471981 0)
(0 0.3798091276 0)
(0.01269565217 0.3798091276 0)
(0.02539130435 0.3798091276 0)
(0.03808695652 0.3798091276 0)
(0.0507826087 0.3798091276 0)
(0.06347826087 0.3798091276 0)
(0.07617391304 0.3798091276 0)
(0.08886956522 0.3798091276 0)
(0.1015652174 0.3798091276 0)
(0.1142608696 0.3798091276 0)
(0.1269565217 0.3798091276 0)
(0.1396521739 0.3798091276 0)
(0.1523478261 0.3798091276 0)
(0.1650434783 0.3798091276 0)
(0.1777391304 0.3798091276 0)
(0.1904347826 0.3798091276 0)
(0.2031304348 0.3798091276 0)
(0.215826087 0.3798091276 0)
(0.2285217391 0.3798091276 0)
(0.2412173913 0.3798091276 0)
(0.2539130435 0.3798091276 0)
(0.2666086957 0.3798091276 0)
(0.2793043478 0.3798091276 0)
(0.292 0.3798091276 0)
(0 0.3925710571 0)
(0.01269565217 0.3925710571 0)
(0.02539130435 0.3925710571 0)
(0.03808695652 0.3925710571 0)
(0.0507826087 0.3925710571 0)
(0.06347826087 0.3925710571 0)
(0.07617391304 0.3925710571 0)
(0.08886956522 0.3925710571 0)
(0.1015652174 0.3925710571 0)
(0.1142608696 0.3925710571 0)
(0.1269565217 0.3925710571 0)
(0.1396521739 0.3925710571 0)
(0.1523478261 0.3925710571 0)
(0.1650434783 0.3925710571 0)
(0.1777391304 0.3925710571 0)
(0.1904347826 0.3925710571 0)
(0.2031304348 0.3925710571 0)
(0.215826087 0.3925710571 0)
(0.2285217391 0.3925710571 0)
(0.2412173913 0.3925710571 0)
(0.2539130435 0.3925710571 0)
(0.2666086957 0.3925710571 0)
(0.2793043478 0.3925710571 0)
(0.292 0.3925710571 0)
(0 0.4053329867 0)
(0.01269565217 0.4053329867 0)
(0.02539130435 0.4053329867 0)
(0.03808695652 0.4053329867 0)
(0.0507826087 0.4053329867 0)
(0.06347826087 0.4053329867 0)
(0.07617391304 0.4053329867 0)
(0.08886956522 0.4053329867 0)
(0.1015652174 0.4053329867 0)
(0.1142608696 0.4053329867 0)
(0.1269565217 0.4053329867 0)
(0.1396521739 0.4053329867 0)
(0.1523478261 0.4053329867 0)
(0.1650434783 0.4053329867 0)
(0.1777391304 0.4053329867 0)
(0.1904347826 0.4053329867 0)
(0.2031304348 0.4053329867 0)
(0.215826087 0.4053329867 0)
(0.2285217391 0.4053329867 0)
(0.2412173913 0.4053329867 0)
(0.2539130435 0.4053329867 0)
(0.2666086957 0.4053329867 0)
(0.2793043478 0.4053329867 0)
(0.292 0.4053329867 0)
(0 0.4180949162 0)
(0.01269565217 0.4180949162 0)
(0.02539130435 0.4180949162 0)
(0.03808695652 0.4180949162 0)
(0.0507826087 0.4180949162 0)
(0.06347826087 0.4180949162 0)
(0.07617391304 0.4180949162 0)
(0.08886956522 0.4180949162 0)
(0.1015652174 0.4180949162 0)
(0.1142608696 0.4180949162 0)
(0.1269565217 0.4180949162 0)
(0.1396521739 0.4180949162 0)
(0.1523478261 0.4180949162 0)
(0.1650434783 0.4180949162 0)
(0.1777391304 0.4180949162 0)
(0.1904347826 0.4180949162 0)
(0.2031304348 0.4180949162 0)
(0.215826087 0.4180949162 0)
(0.2285217391 0.4180949162 0)
(0.2412173913 0.4180949162 0)
(0.2539130435 0.4180949162 0)
(0.2666086957 0.4180949162 0)
(0.2793043478 0.4180949162 0)
(0.292 0.4180949162 0)
(0 0.4308568457 0)
(0.01269565217 0.4308568457 0)
(0.02539130435 0.4308568457 0)
(0.03808695652 0.4308568457 0)
(0.0507826087 0.4308568457 0)
(0.06347826087 0.4308568457 0)
(0.07617391304 0.4308568457 0)
(0.08886956522 0.4308568457 0)
(0.1015652174 0.4308568457 0)
(0.1142608696 0.4308568457 0)
(0.1269565217 0.4308568457 0)
(0.1396521739 0.4308568457 0)
(0.1523478261 0.4308568457 0)
(0.1650434783 0.4308568457 0)
(0.1777391304 0.4308568457 0)
(0.1904347826 0.4308568457 0)
(0.2031304348 0.4308568457 0)
(0.215826087 0.4308568457 0)
(0.2285217391 0.4308568457 0)
(0.2412173913 0.4308568457 0)
(0.2539130435 0.4308568457 0)
(0.2666086957 0.4308568457 0)
(0.2793043478 0.4308568457 0)
(0.292 0.4308568457 0)
(0 0.4436187752 0)
(0.01269565217 0.4436187752 0)
(0.02539130435 0.4436187752 0)
(0.03808695652 0.4436187752 0)
(0.0507826087 0.4436187752 0)
(0.06347826087 0.4436187752 0)
(0.07617391304 0.4436187752 0)
(0.08886956522 0.4436187752 0)
(0.1015652174 0.4436187752 0)
(0.1142608696 0.4436187752 0)
(0.1269565217 0.4436187752 0)
(0.1396521739 0.4436187752 0)
(0.1523478261 0.4436187752 0)
(0.1650434783 0.4436187752 0)
(0.1777391304 0.4436187752 0)
(0.1904347826 0.4436187752 0)
(0.2031304348 0.4436187752 0)
(0.215826087 0.4436187752 0)
(0.2285217391 0.4436187752 0)
(0.2412173913 0.4436187752 0)
(0.2539130435 0.4436187752 0)
(0.2666086957 0.4436187752 0)
(0.2793043478 0.4436187752 0)
(0.292 0.4436187752 0)
(0 0.4563807048 0)
(0.01269565217 0.4563807048 0)
(0.02539130435 0.4563807048 0)
(0.03808695652 0.4563807048 0)
(0.0507826087 0.4563807048 0)
(0.06347826087 0.4563807048 0)
(0.07617391304 0.4563807048 0)
(0.08886956522 0.4563807048 0)
(0.1015652174 0.4563807048 0)
(0.1142608696 0.4563807048 0)
(0.1269565217 0.4563807048 0)
(0.1396521739 0.4563807048 0)
(0.1523478261 0.4563807048 0)
(0.1650434783 0.4563807048 0)
(0.1777391304 0.4563807048 0)
(0.1904347826 0.4563807048 0)
(0.2031304348 0.4563807048 0)
(0.215826087 0.4563807048 0)
(0.2285217391 0.4563807048 0)
(0.2412173913 0.4563807048 0)
(0.2539130435 0.4563807048 0)
(0.2666086957 0.4563807048 0)
(0.2793043478 0.4563807048 0)
(0.292 0.4563807048 0)
(0 0.4691426343 0)
(0.01269565217 0.4691426343 0)
(0.02539130435 0.4691426343 0)
(0.03808695652 0.4691426343 0)
(0.0507826087 0.4691426343 0)
(0.06347826087 0.4691426343 0)
(0.07617391304 0.4691426343 0)
(0.08886956522 0.4691426343 0)
(0.1015652174 0.4691426343 0)
(0.1142608696 0.4691426343 0)
(0.1269565217 0.4691426343 0)
(0.1396521739 0.4691426343 0)
(0.1523478261 0.4691426343 0)
(0.1650434783 0.4691426343 0)
(0.1777391304 0.4691426343 0)
(0.1904347826 0.4691426343 0)
(0.2031304348 0.4691426343 0)
(0.215826087 0.4691426343 0)
(0.2285217391 0.4691426343 0)
(0.2412173913 0.4691426343 0)
(0.2539130435 0.4691426343 0)
(0.2666086957 0.4691426343 0)
(0.2793043478 0.4691426343 0)
(0.292 0.4691426343 0)
(0 0.4819045638 0)
(0.01269565217 0.4819045638 0)
(0.02539130435 0.4819045638 0)
(0.03808695652 0.4819045638 0)
(0.0507826087 0.4819045638 0)
(0.06347826087 0.4819045638 0)
(0.07617391304 0.4819045638 0)
(0.08886956522 0.4819045638 0)
(0.1015652174 0.4819045638 0)
(0.1142608696 0.4819045638 0)
(0.1269565217 0.4819045638 0)
(0.1396521739 0.4819045638 0)
(0.1523478261 0.4819045638 0)
(0.1650434783 0.4819045638 0)
(0.1777391304 0.4819045638 0)
(0.1904347826 0.4819045638 0)
(0.2031304348 0.4819045638 0)
(0.215826087 0.4819045638 0)
(0.2285217391 0.4819045638 0)
(0.2412173913 0.4819045638 0)
(0.2539130435 0.4819045638 0)
(0.2666086957 0.4819045638 0)
(0.2793043478 0.4819045638 0)
(0.292 0.4819045638 0)
(0 0.4946664933 0)
(0.01269565217 0.4946664933 0)
(0.02539130435 0.4946664933 0)
(0.03808695652 0.4946664933 0)
(0.0507826087 0.4946664933 0)
(0.06347826087 0.4946664933 0)
(0.07617391304 0.4946664933 0)
(0.08886956522 0.4946664933 0)
(0.1015652174 0.4946664933 0)
(0.1142608696 0.4946664933 0)
(0.1269565217 0.4946664933 0)
(0.1396521739 0.4946664933 0)
(0.1523478261 0.4946664933 0)
(0.1650434783 0.4946664933 0)
(0.1777391304 0.4946664933 0)
(0.1904347826 0.4946664933 0)
(0.2031304348 0.4946664933 0)
(0.215826087 0.4946664933 0)
(0.2285217391 0.4946664933 0)
(0.2412173913 0.4946664933 0)
(0.2539130435 0.4946664933 0)
(0.2666086957 0.4946664933 0)
(0.2793043478 0.4946664933 0)
(0.292 0.4946664933 0)
(0 0.5074284229 0)
(0.01269565217 0.5074284229 0)
(0.02539130435 0.5074284229 0)
(0.03808695652 0.5074284229 0)
(0.0507826087 0.5074284229 0)
(0.06347826087 0.5074284229 0)
(0.07617391304 0.5074284229 0)
(0.08886956522 0.5074284229 0)
(0.1015652174 0.5074284229 0)
(0.1142608696 0.5074284229 0)
(0.1269565217 0.5074284229 0)
(0.1396521739 0.5074284229 0)
(0.1523478261 0.5074284229 0)
(0.1650434783 0.5074284229 0)
(0.1777391304 0.5074284229 0)
(0.1904347826 0.5074284229 0)
(0.2031304348 0.5074284229 0)
(0.215826087 0.5074284229 0)
(0.2285217391 0.5074284229 0)
(0.2412173913 0.5074284229 0)
(0.2539130435 0.5074284229 0)
(0.2666086957 0.5074284229 0)
(0.2793043478 0.5074284229 0)
(0.292 0.5074284229 0)
(0 0.5201903524 0)
(0.01269565217 0.5201903524 0)
(0.02539130435 0.5201903524 0)
(0.03808695652 0.5201903524 0)
(0.0507826087 0.5201903524 0)
(0.06347826087 0.5201903524 0)
(0.07617391304 0.5201903524 0)
(0.08886956522 0.5201903524 0)
(0.1015652174 0.5201903524 0)
(0.1142608696 0.5201903524 0)
(0.1269565217 0.5201903524 0)
(0.1396521739 0.5201903524 0)
(0.1523478261 0.5201903524 0)
(0.1650434783 0.5201903524 0)
(0.1777391304 0.5201903524 0)
(0.1904347826 0.5201903524 0)
(0.2031304348 0.5201903524 0)
(0.215826087 0.5201903524 0)
(0.2285217391 0.5201903524 0)
(0.2412173913 0.5201903524 0)
(0.2539130435 0.5201903524 0)
(0.2666086957 0.5201903524 0)
(0.2793043478 0.5201903524 0)
(0.292 0.5201903524 0)
(0 0.5329522819 0)
(0.01269565217 0.5329522819 0)
(0.02539130435 0.5329522819 0)
(0.03808695652 0.5329522819 0)
(0.0507826087 0.5329522819 0)
(0.06347826087 0.5329522819 0)
(0.07617391304 0.5329522819 0)
(0.08886956522 0.5329522819 0)
(0.1015652174 0.5329522819 0)
(0.1142608696 0.5329522819 0)
(0.1269565217 0.5329522819 0)
(0.1396521739 0.5329522819 0)
(0.1523478261 0.5329522819 0)
(0.1650434783 0.5329522819 0)
(0.1777391304 0.5329522819 0)
(0.1904347826 0.5329522819 0)
(0.2031304348 0.5329522819 0)
(0.215826087 0.5329522819 0)
(0.2285217391 0.5329522819 0)
(0.2412173913 0.5329522819 0)
(0.2539130435 0.5329522819 0)
(0.2666086957 0.5329522819 0)
(0.2793043478 0.5329522819 0)
(0.292 0.5329522819 0)
(0 0.5457142114 0)
(0.01269565217 0.5457142114 0)
(0.02539130435 0.5457142114 0)
(0.03808695652 0.5457142114 0)
(0.0507826087 0.5457142114 0)
(0.06347826087 0.5457142114 0)
(0.07617391304 0.5457142114 0)
(0.08886956522 0.5457142114 0)
(0.1015652174 0.5457142114 0)
(0.1142608696 0.5457142114 0)
(0.1269565217 0.5457142114 0)
(0.1396521739 0.5457142114 0)
(0.1523478261 0.5457142114 0)
(0.1650434783 0.5457142114 0)
(0.1777391304 0.5457142114 0)
(0.1904347826 0.5457142114 0)
(0.2031304348 0.5457142114 0)
(0.215826087 0.5457142114 0)
(0.2285217391 0.5457142114 0)
(0.2412173913 0.5457142114 0)
(0.2539130435 0.5457142114 0)
(0.2666086957 0.5457142114 0)
(0.2793043478 0.5457142114 0)
(0.292 0.5457142114 0)
(0 0.558476141 0)
(0.01269565217 0.558476141 0)
(0.02539130435 0.558476141 0)
(0.03808695652 0.558476141 0)
(0.0507826087 0.558476141 0)
(0.06347826087 0.558476141 0)
(0.07617391304 0.558476141 0)
(0.08886956522 0.558476141 0)
(0.1015652174 0.558476141 0)
(0.1142608696 0.558476141 0)
(0.1269565217 0.558476141 0)
(0.1396521739 0.558476141 0)
(0.1523478261 0.558476141 0)
(0.1650434783 0.558476141 0)
(0.1777391304 0.558476141 0)
(0.1904347826 0.558476141 0)
(0.2031304348 0.558476141 0)
(0.215826087 0.558476141 0)
(0.2285217391 0.558476141 0)
(0.2412173913 0.558476141 0)
(0.2539130435 0.558476141 0)
(0.2666086957 0.558476141 0)
(0.2793043478 0.558476141 0)
(0.292 0.558476141 0)
(0 0.5712380705 0)
(0.01269565217 0.5712380705 0)
(0.02539130435 0.5712380705 0)
(0.03808695652 0.5712380705 0)
(0.0507826087 0.5712380705 0)
(0.06347826087 0.5712380705 0)
(0.07617391304 0.5712380705 0)
(0.08886956522 0.5712380705 0)
(0.1015652174 0.5712380705 0)
(0.1142608696 0.5712380705 0)
(0.1269565217 0.5712380705 0)
(0.1396521739 0.5712380705 0)
(0.1523478261 0.5712380705 0)
(0.1650434783 0.5712380705 0)
(0.1777391304 0.5712380705 0)
(0.1904347826 0.5712380705 0)
(0.2031304348 0.5712380705 0)
(0.215826087 0.5712380705 0)
(0.2285217391 0.5712380705 0)
(0.2412173913 0.5712380705 0)
(0.2539130435 0.5712380705 0)
(0.2666086957 0.5712380705 0)
(0.2793043478 0.5712380705 0)
(0.292 0.5712380705 0)
(0 0.584 0)
(0.01269565217 0.584 0)
(0.02539130435 0.584 0)
(0.03808695652 0.584 0)
(0.0507826087 0.584 0)
(0.06347826087 0.584 0)
(0.07617391304 0.584 0)
(0.08886956522 0.584 0)
(0.1015652174 0.584 0)
(0.1142608696 0.584 0)
(0.1269565217 0.584 0)
(0.1396521739 0.584 0)
(0.1523478261 0.584 0)
(0.1650434783 0.584 0)
(0.1777391304 0.584 0)
(0.1904347826 0.584 0)
(0.2031304348 0.584 0)
(0.215826087 0.584 0)
(0.2285217391 0.584 0)
(0.2412173913 0.584 0)
(0.2539130435 0.584 0)
(0.2666086957 0.584 0)
(0.2793043478 0.584 0)
(0.292 0.584 0)
(0.2031304348 0.2649517619 0.0146)
(0.215826087 0.2649517619 0.0146)
(0.2285217391 0.2649517619 0.0146)
(0.2412173913 0.2649517619 0.0146)
(0.2539130435 0.2649517619 0.0146)
(0.2666086957 0.2649517619 0.0146)
(0.2793043478 0.2649517619 0.0146)
(0.292 0.2649517619 0.0146)
(0 0.2777136914 0.0146)
(0.01269565217 0.2777136914 0.0146)
(0.02539130435 0.2777136914 0.0146)
(0.03808695652 0.2777136914 0.0146)
(0.0507826087 0.2777136914 0.0146)
(0.06347826087 0.2777136914 0.0146)
(0.07617391304 0.2777136914 0.0146)
(0.08886956522 0.2777136914 0.0146)
(0.1015652174 0.2777136914 0.0146)
(0.1142608696 0.2777136914 0.0146)
(0.1269565217 0.2777136914 0.0146)
(0.1396521739 0.2777136914 0.0146)
(0.1523478261 0.2777136914 0.0146)
(0.1650434783 0.2777136914 0.0146)
(0.1777391304 0.2777136914 0.0146)
(0.1904347826 0.2777136914 0.0146)
(0.2031304348 0.2777136914 0.0146)
(0.215826087 0.2777136914 0.0146)
(0.2285217391 0.2777136914 0.0146)
(0.2412173913 0.2777136914 0.0146)
(0.2539130435 0.2777136914 0.0146)
(0.2666086957 0.2777136914 0.0146)
(0.2793043478 0.2777136914 0.0146)
(0.292 0.2777136914 0.0146)
(0 0.290475621 0.0146)
(0.01269565217 0.290475621 0.0146)
(0.02539130435 0.290475621 0.0146)
(0.03808695652 0.290475621 0.0146)
(0.0507826087 0.290475621 0.0146)
(0.06347826087 0.290475621 0.0146)
(0.07617391304 0.290475621 0.0146)
(0.08886956522 0.290475621 0.0146)
(0.1015652174 0.290475621 0.0146)
(0.1142608696 0.290475621 0.0146)
(0.1269565217 0.290475621 0.0146)
(0.1396521739 0.290475621 0.0146)
(0.1523478261 0.290475621 0.0146)
(0.1650434783 0.290475621 0.0146)
(0.1777391304 0.290475621 0.0146)
(0.1904347826 0.290475621 0.0146)
(0.2031304348 0.290475621 0.0146)
(0.215826087 0.290475621 0.0146)
(0.2285217391 0.290475621 0.0146)
(0.2412173913 0.290475621 0.0146)
(0.2539130435 0.290475621 0.0146)
(0.2666086957 0.290475621 0.0146)
(0.2793043478 0.290475621 0.0146)
(0.292 0.290475621 0.0146)
(0 0.3032375505 0.0146)
(0.01269565217 0.3032375505 0.0146)
(0.02539130435 0.3032375505 0.0146)
(0.03808695652 0.3032375505 0.0146)
(0.0507826087 0.3032375505 0.0146)
(0.06347826087 0.3032375505 0.0146)
(0.07617391304 0.3032375505 0.0146)
(0.08886956522 0.3032375505 0.0146)
(0.1015652174 0.3032375505 0.0146)
(0.1142608696 0.3032375505 0.0146)
(0.1269565217 0.3032375505 0.0146)
(0.1396521739 0.3032375505 0.0146)
(0.1523478261 0.3032375505 0.0146)
(0.1650434783 0.3032375505 0.0146)
(0.1777391304 0.3032375505 0.0146)
(0.1904347826 0.3032375505 0.0146)
(0.2031304348 0.3032375505 0.0146)
(0.215826087 0.3032375505 0.0146)
(0.2285217391 0.3032375505 0.0146)
(0.2412173913 0.3032375505 0.0146)
(0.2539130435 0.3032375505 0.0146)
(0.2666086957 0.3032375505 0.0146)
(0.2793043478 0.3032375505 0.0146)
(0.292 0.3032375505 0.0146)
(0 0.31599948 0.0146)
(0.01269565217 0.31599948 0.0146)
(0.02539130435 0.31599948 0.0146)
(0.03808695652 0.31599948 0.0146)
(0.0507826087 0.31599948 0.0146)
(0.06347826087 0.31599948 0.0146)
(0.07617391304 0.31599948 0.0146)
(0.08886956522 0.31599948 0.0146)
(0.1015652174 0.31599948 0.0146)
(0.1142608696 0.31599948 0.0146)
(0.1269565217 0.31599948 0.0146)
(0.1396521739 0.31599948 0.0146)
(0.1523478261 0.31599948 0.0146)
(0.1650434783 0.31599948 0.0146)
(0.1777391304 0.31599948 0.0146)
(0.1904347826 0.31599948 0.0146)
(0.2031304348 0.31599948 0.0146)
(0.215826087 0.31599948 0.0146)
(0.2285217391 0.31599948 0.0146)
(0.2412173913 0.31599948 0.0146)
(0.2539130435 0.31599948 0.0146)
(0.2666086957 0.31599948 0.0146)
(0.2793043478 0.31599948 0.0146)
(0.292 0.31599948 0.0146)
(0 0.3287614095 0.0146)
(0.01269565217 0.3287614095 0.0146)
(0.02539130435 0.3287614095 0.0146)
(0.03808695652 0.3287614095 0.0146)
(0.0507826087 0.3287614095 0.0146)
(0.06347826087 0.3287614095 0.0146)
(0.07617391304 0.3287614095 0.0146)
(0.08886956522 0.3287614095 0.0146)
(0.1015652174 0.3287614095 0.0146)
(0.1142608696 0.3287614095 0.0146)
(0.1269565217 0.3287614095 0.0146)
(0.1396521739 0.3287614095 0.0146)
(0.1523478261 0.3287614095 0.0146)
(0.1650434783 0.3287614095 0.0146)
(0.1777391304 0.3287614095 0.0146)
(0.1904347826 0.3287614095 0.0146)
(0.2031304348 0.3287614095 0.0146)
(0.215826087 0.3287614095 0.0146)
(0.2285217391 0.3287614095 0.0146)
(0.2412173913 0.3287614095 0.0146)
(0.2539130435 0.3287614095 0.0146)
(0.2666086957 0.3287614095 0.0146)
(0.2793043478 0.3287614095 0.0146)
(0.292 0.3287614095 0.0146)
(0 0.341523339 0.0146)
(0.01269565217 0.341523339 0.0146)
(0.02539130435 0.341523339 0.0146)
(0.03808695652 0.341523339 0.0146)
(0.0507826087 0.341523339 0.0146)
(0.06347826087 0.341523339 0.0146)
(0.07617391304 0.341523339 0.0146)
(0.08886956522 0.341523339 0.0146)
(0.1015652174 0.341523339 0.0146)
(0.1142608696 0.341523339 0.0146)
(0.1269565217 0.341523339 0.0146)
(0.1396521739 0.341523339 0.0146)
(0.1523478261 0.341523339 0.0146)
(0.1650434783 0.341523339 0.0146)
(0.1777391304 0.341523339 0.0146)
(0.1904347826 0.341523339 0.0146)
(0.2031304348 0.341523339 0.0146)
(0.215826087 0.341523339 0.0146)
(0.2285217391 0.341523339 0.0146)
(0.2412173913 0.341523339 0.0146)
(0.2539130435 0.341523339 0.0146)
(0.2666086957 0.341523339 0.0146)
(0.2793043478 0.341523339 0.0146)
(0.292 0.341523339 0.0146)
(0 0.3542852686 0.0146)
(0.01269565217 0.3542852686 0.0146)
(0.02539130435 0.3542852686 0.0146)
(0.03808695652 0.3542852686 0.0146)
(0.0507826087 0.3542852686 0.0146)
(0.06347826087 0.3542852686 0.0146)
(0.07617391304 0.3542852686 0.0146)
(0.08886956522 0.3542852686 0.0146)
(0.1015652174 0.3542852686 0.0146)
(0.1142608696 0.3542852686 0.0146)
(0.1269565217 0.3542852686 0.0146)
(0.1396521739 0.3542852686 0.0146)
(0.1523478261 0.3542852686 0.0146)
(0.1650434783 0.3542852686 0.0146)
(0.1777391304 0.3542852686 0.0146)
(0.1904347826 0.3542852686 0.0146)
(0.2031304348 0.3542852686 0.0146)
(0.215826087 0.3542852686 0.0146)
(0.2285217391 0.3542852686 0.0146)
(0.2412173913 0.3542852686 0.0146)
(0.2539130435 0.3542852686 0.0146)
(0.2666086957 0.3542852686 0.0146)
(0.2793043478 0.3542852686 0.0146)
(0.292 0.3542852686 0.0146)
(0 0.3670471981 0.0146)
(0.01269565217 0.3670471981 0.0146)
(0.02539130435 0.3670471981 0.0146)
(0.03808695652 0.3670471981 0.0146)
(0.0507826087 0.3670471981 0.0146)
(0.06347826087 0.3670471981 0.0146)
(0.07617391304 0.3670471981 0.0146)
(0.08886956522 0.3670471981 0.0146)
(0.1015652174 0.3670471981 0.0146)
(0.1142608696 0.3670471981 0.0146)
(0.1269565217 0.3670471981 0.0146)
(0.1396521739 0.3670471981 0.0146)
(0.1523478261 0.3670471981 0.0146)
(0.1650434783 0.3670471981 0.0146)
(0.1777391304 0.3670471981 0.0146)
(0.1904347826 0.3670471981 0.0146)
(0.2031304348 0.3670471981 0.0146)
(0.215826087 0.3670471981 0.0146)
(0.2285217391 0.3670471981 0.0146)
(0.2412173913 0.3670471981 0.0146)
(0.2539130435 0.3670471981 0.0146)
(0.2666086957 0.3670471981 0.0146)
(0.2793043478 0.3670471981 0.0146)
(0.292 0.3670471981 0.0146)
(0 0.3798091276 0.0146)
(0.01269565217 0.3798091276 0.0146)
(0.02539130435 0.3798091276 0.0146)
(0.03808695652 0.3798091276 0.0146)
(0.0507826087 0.3798091276 0.0146)
(0.06347826087 0.3798091276 0.0146)
(0.07617391304 0.3798091276 0.0146)
(0.08886956522 0.3798091276 0.0146)
(0.1015652174 0.3798091276 0.0146)
(0.1142608696 0.3798091276 0.0146)
(0.1269565217 0.3798091276 0.0146)
(0.1396521739 0.3798091276 0.0146)
(0.1523478261 0.3798091276 0.0146)
(0.1650434783 0.3798091276 0.0146)
(0.1777391304 0.3798091276 0.0146)
(0.1904347826 0.3798091276 0.0146)
(0.2031304348 0.3798091276 0.0146)
(0.215826087 0.3798091276 0.0146)
(0.2285217391 0.3798091276 0.0146)
(0.2412173913 0.3798091276 0.0146)
(0.2539130435 0.3798091276 0.0146)
(0.2666086957 0.3798091276 0.0146)
(0.2793043478 0.3798091276 0.0146)
(0.292 0.3798091276 0.0146)
(0 0.3925710571 0.0146)
(0.01269565217 0.3925710571 0.0146)
(0.02539130435 0.3925710571 0.0146)
(0.03808695652 0.3925710571 0.0146)
(0.0507826087 0.3925710571 0.0146)
(0.06347826087 0.3925710571 0.0146)
(0.07617391304 0.3925710571 0.0146)
(0.08886956522 0.3925710571 0.0146)
(0.1015652174 0.3925710571 0.0146)
(0.1142608696 0.3925710571 0.0146)
(0.1269565217 0.3925710571 0.0146)
(0.1396521739 0.3925710571 0.0146)
(0.1523478261 0.3925710571 0.0146)
(0.1650434783 0.3925710571 0.0146)
(0.1777391304 0.3925710571 0.0146)
(0.1904347826 0.3925710571 0.0146)
(0.2031304348 0.3925710571 0.0146)
(0.215826087 0.3925710571 0.0146)
(0.2285217391 0.3925710571 0.0146)
(0.2412173913 0.3925710571 0.0146)
(0.2539130435 0.3925710571 0.0146)
(0.2666086957 0.3925710571 0.0146)
(0.2793043478 0.3925710571 0.0146)
(0.292 0.3925710571 0.0146)
(0 0.4053329867 0.0146)
(0.01269565217 0.4053329867 0.0146)
(0.02539130435 0.4053329867 0.0146)
(0.03808695652 0.4053329867 0.0146)
(0.0507826087 0.4053329867 0.0146)
(0.06347826087 0.4053329867 0.0146)
(0.07617391304 0.4053329867 0.0146)
(0.08886956522 0.4053329867 0.0146)
(0.1015652174 0.4053329867 0.0146)
(0.1142608696 0.4053329867 0.0146)
(0.1269565217 0.4053329867 0.0146)
(0.1396521739 0.4053329867 0.0146)
(0.1523478261 0.4053329867 0.0146)
(0.1650434783 0.4053329867 0.0146)
(0.1777391304 0.4053329867 0.0146)
(0.1904347826 0.4053329867 0.0146)
(0.2031304348 0.4053329867 0.0146)
(0.215826087 0.4053329867 0.0146)
(0.2285217391 0.4053329867 0.0146)
(0.2412173913 0.4053329867 0.0146)
(0.2539130435 0.4053329867 0.0146)
(0.2666086957 0.4053329867 0.0146)
(0.2793043478 0.4053329867 0.0146)
(0.292 0.4053329867 0.0146)
(0 0.4180949162 0.0146)
(0.01269565217 0.4180949162 0.0146)
(0.02539130435 0.4180949162 0.0146)
(0.03808695652 0.4180949162 0.0146)
(0.0507826087 0.4180949162 0.0146)
(0.06347826087 0.4180949162 0.0146)
(0.07617391304 0.4180949162 0.0146)
(0.08886956522 0.4180949162 0.0146)
(0.1015652174 0.4180949162 0.0146)
(0.1142608696 0.4180949162 0.0146)
(0.1269565217 0.4180949162 0.0146)
(0.1396521739 0.4180949162 0.0146)
(0.1523478261 0.4180949162 0.0146)
(0.1650434783 0.4180949162 0.0146)
(0.1777391304 0.4180949162 0.0146)
(0.1904347826 0.4180949162 0.0146)
(0.2031304348 0.4180949162 0.0146)
(0.215826087 0.4180949162 0.0146)
(0.2285217391 0.4180949162 0.0146)
(0.2412173913 0.4180949162 0.0146)
(0.2539130435 0.4180949162 0.0146)
(0.2666086957 0.4180949162 0.0146)
(0.2793043478 0.4180949162 0.0146)
(0.292 0.4180949162 0.0146)
(0 0.4308568457 0.0146)
(0.01269565217 0.4308568457 0.0146)
(0.02539130435 0.4308568457 0.0146)
(0.03808695652 0.4308568457 0.0146)
(0.0507826087 0.4308568457 0.0146)
(0.06347826087 0.4308568457 0.0146)
(0.07617391304 0.4308568457 0.0146)
(0.08886956522 0.4308568457 0.0146)
(0.1015652174 0.4308568457 0.0146)
(0.1142608696 0.4308568457 0.0146)
(0.1269565217 0.4308568457 0.0146)
(0.1396521739 0.4308568457 0.0146)
(0.1523478261 0.4308568457 0.0146)
(0.1650434783 0.4308568457 0.0146)
(0.1777391304 0.4308568457 0.0146)
(0.1904347826 0.4308568457 0.0146)
(0.2031304348 0.4308568457 0.0146)
(0.215826087 0.4308568457 0.0146)
(0.2285217391 0.4308568457 0.0146)
(0.2412173913 0.4308568457 0.0146)
(0.2539130435 0.4308568457 0.0146)
(0.2666086957 0.4308568457 0.0146)
(0.2793043478 0.4308568457 0.0146)
(0.292 0.4308568457 0.0146)
(0 0.4436187752 0.0146)
(0.01269565217 0.4436187752 0.0146)
(0.02539130435 0.4436187752 0.0146)
(0.03808695652 0.4436187752 0.0146)
(0.0507826087 0.4436187752 0.0146)
(0.06347826087 0.4436187752 0.0146)
(0.07617391304 0.4436187752 0.0146)
(0.08886956522 0.4436187752 0.0146)
(0.1015652174 0.4436187752 0.0146)
(0.1142608696 0.4436187752 0.0146)
(0.1269565217 0.4436187752 0.0146)
(0.1396521739 0.4436187752 0.0146)
(0.1523478261 0.4436187752 0.0146)
(0.1650434783 0.4436187752 0.0146)
(0.1777391304 0.4436187752 0.0146)
(0.1904347826 0.4436187752 0.0146)
(0.2031304348 0.4436187752 0.0146)
(0.215826087 0.4436187752 0.0146)
(0.2285217391 0.4436187752 0.0146)
(0.2412173913 0.4436187752 0.0146)
(0.2539130435 0.4436187752 0.0146)
(0.2666086957 0.4436187752 0.0146)
(0.2793043478 0.4436187752 0.0146)
(0.292 0.4436187752 0.0146)
(0 0.4563807048 0.0146)
(0.01269565217 0.4563807048 0.0146)
(0.02539130435 0.4563807048 0.0146)
(0.03808695652 0.4563807048 0.0146)
(0.0507826087 0.4563807048 0.0146)
(0.06347826087 0.4563807048 0.0146)
(0.07617391304 0.4563807048 0.0146)
(0.08886956522 0.4563807048 0.0146)
(0.1015652174 0.4563807048 0.0146)
(0.1142608696 0.4563807048 0.0146)
(0.1269565217 0.4563807048 0.0146)
(0.1396521739 0.4563807048 0.0146)
(0.1523478261 0.4563807048 0.0146)
(0.1650434783 0.4563807048 0.0146)
(0.1777391304 0.4563807048 0.0146)
(0.1904347826 0.4563807048 0.0146)
(0.2031304348 0.4563807048 0.0146)
(0.215826087 0.4563807048 0.0146)
(0.2285217391 0.4563807048 0.0146)
(0.2412173913 0.4563807048 0.0146)
(0.2539130435 0.4563807048 0.0146)
(0.2666086957 0.4563807048 0.0146)
(0.2793043478 0.4563807048 0.0146)
(0.292 0.4563807048 0.0146)
(0 0.4691426343 0.0146)
(0.01269565217 0.4691426343 0.0146)
(0.02539130435 0.4691426343 0.0146)
(0.03808695652 0.4691426343 0.0146)
(0.0507826087 0.4691426343 0.0146)
(0.06347826087 0.4691426343 0.0146)
(0.07617391304 0.4691426343 0.0146)
(0.08886956522 0.4691426343 0.0146)
(0.1015652174 0.4691426343 0.0146)
(0.1142608696 0.4691426343 0.0146)
(0.1269565217 0.4691426343 0.0146)
(0.1396521739 0.4691426343 0.0146)
(0.1523478261 0.4691426343 0.0146)
(0.1650434783 0.4691426343 0.0146)
(0.1777391304 0.4691426343 0.0146)
(0.1904347826 0.4691426343 0.0146)
(0.2031304348 0.4691426343 0.0146)
(0.215826087 0.4691426343 0.0146)
(0.2285217391 0.4691426343 0.0146)
(0.2412173913 0.4691426343 0.0146)
(0.2539130435 0.4691426343 0.0146)
(0.2666086957 0.4691426343 0.0146)
(0.2793043478 0.4691426343 0.0146)
(0.292 0.4691426343 0.0146)
(0 0.4819045638 0.0146)
(0.01269565217 0.4819045638 0.0146)
(0.02539130435 0.4819045638 0.0146)
(0.03808695652 0.4819045638 0.0146)
(0.0507826087 0.4819045638 0.0146)
(0.06347826087 0.4819045638 0.0146)
(0.07617391304 0.4819045638 0.0146)
(0.08886956522 0.4819045638 0.0146)
(0.1015652174 0.4819045638 0.0146)
(0.1142608696 0.4819045638 0.0146)
(0.1269565217 0.4819045638 0.0146)
(0.1396521739 0.4819045638 0.0146)
(0.1523478261 0.4819045638 0.0146)
(0.1650434783 0.4819045638 0.0146)
(0.1777391304 0.4819045638 0.0146)
(0.1904347826 0.4819045638 0.0146)
(0.2031304348 0.4819045638 0.0146)
(0.215826087 0.4819045638 0.0146)
(0.2285217391 0.4819045638 0.0146)
(0.2412173913 0.4819045638 0.0146)
(0.2539130435 0.4819045638 0.0146)
(0.2666086957 0.4819045638 0.0146)
(0.2793043478 0.4819045638 0.0146)
(0.292 0.4819045638 0.0146)
(0 0.4946664933 0.0146)
(0.01269565217 0.4946664933 0.0146)
(0.02539130435 0.4946664933 0.0146)
(0.03808695652 0.4946664933 0.0146)
(0.0507826087 0.4946664933 0.0146)
(0.06347826087 0.4946664933 0.0146)
(0.07617391304 0.4946664933 0.0146)
(0.08886956522 0.4946664933 0.0146)
(0.1015652174 0.4946664933 0.0146)
(0.1142608696 0.4946664933 0.0146)
(0.1269565217 0.4946664933 0.0146)
(0.1396521739 0.4946664933 0.0146)
(0.1523478261 0.4946664933 0.0146)
(0.1650434783 0.4946664933 0.0146)
(0.1777391304 0.4946664933 0.0146)
(0.1904347826 0.4946664933 0.0146)
(0.2031304348 0.4946664933 0.0146)
(0.215826087 0.4946664933 0.0146)
(0.2285217391 0.4946664933 0.0146)
(0.2412173913 0.4946664933 0.0146)
(0.2539130435 0.4946664933 0.0146)
(0.2666086957 0.4946664933 0.0146)
(0.2793043478 0.4946664933 0.0146)
(0.292 0.4946664933 0.0146)
(0 0.5074284229 0.0146)
(0.01269565217 0.5074284229 0.0146)
(0.02539130435 0.5074284229 0.0146)
(0.03808695652 0.5074284229 0.0146)
(0.0507826087 0.5074284229 0.0146)
(0.06347826087 0.5074284229 0.0146)
(0.07617391304 0.5074284229 0.0146)
(0.08886956522 0.5074284229 0.0146)
(0.1015652174 0.5074284229 0.0146)
(0.1142608696 0.5074284229 0.0146)
(0.1269565217 0.5074284229 0.0146)
(0.1396521739 0.5074284229 0.0146)
(0.1523478261 0.5074284229 0.0146)
(0.1650434783 0.5074284229 0.0146)
(0.1777391304 0.5074284229 0.0146)
(0.1904347826 0.5074284229 0.0146)
(0.2031304348 0.5074284229 0.0146)
(0.215826087 0.5074284229 0.0146)
(0.2285217391 0.5074284229 0.0146)
(0.2412173913 0.5074284229 0.0146)
(0.2539130435 0.5074284229 0.0146)
(0.2666086957 0.5074284229 0.0146)
(0.2793043478 0.5074284229 0.0146)
(0.292 0.5074284229 0.0146)
(0 0.5201903524 0.0146)
(0.01269565217 0.5201903524 0.0146)
(0.02539130435 0.5201903524 0.0146)
(0.03808695652 0.5201903524 0.0146)
(0.0507826087 0.5201903524 0.0146)
(0.06347826087 0.5201903524 0.0146)
(0.07617391304 0.5201903524 0.0146)
(0.08886956522 0.5201903524 0.0146)
(0.1015652174 0.5201903524 0.0146)
(0.1142608696 0.5201903524 0.0146)
(0.1269565217 0.5201903524 0.0146)
(0.1396521739 0.5201903524 0.0146)
(0.1523478261 0.5201903524 0.0146)
(0.1650434783 0.5201903524 0.0146)
(0.1777391304 0.5201903524 0.0146)
(0.1904347826 0.5201903524 0.0146)
(0.2031304348 0.5201903524 0.0146)
(0.215826087 0.5201903524 0.0146)
(0.2285217391 0.5201903524 0.0146)
(0.2412173913 0.5201903524 0.0146)
(0.2539130435 0.5201903524 0.0146)
(0.2666086957 0.5201903524 0.0146)
(0.2793043478 0.5201903524 0.0146)
(0.292 0.5201903524 0.0146)
(0 0.5329522819 0.0146)
(0.01269565217 0.5329522819 0.0146)
(0.02539130435 0.5329522819 0.0146)
(0.03808695652 0.5329522819 0.0146)
(0.0507826087 0.5329522819 0.0146)
(0.06347826087 0.5329522819 0.0146)
(0.07617391304 0.5329522819 0.0146)
(0.08886956522 0.5329522819 0.0146)
(0.1015652174 0.5329522819 0.0146)
(0.1142608696 0.5329522819 0.0146)
(0.1269565217 0.5329522819 0.0146)
(0.1396521739 0.5329522819 0.0146)
(0.1523478261 0.5329522819 0.0146)
(0.1650434783 0.5329522819 0.0146)
(0.1777391304 0.5329522819 0.0146)
(0.1904347826 0.5329522819 0.0146)
(0.2031304348 0.5329522819 0.0146)
(0.215826087 0.5329522819 0.0146)
(0.2285217391 0.5329522819 0.0146)
(0.2412173913 0.5329522819 0.0146)
(0.2539130435 0.5329522819 0.0146)
(0.2666086957 0.5329522819 0.0146)
(0.2793043478 0.5329522819 0.0146)
(0.292 0.5329522819 0.0146)
(0 0.5457142114 0.0146)
(0.01269565217 0.5457142114 0.0146)
(0.02539130435 0.5457142114 0.0146)
(0.03808695652 0.5457142114 0.0146)
(0.0507826087 0.5457142114 0.0146)
(0.06347826087 0.5457142114 0.0146)
(0.07617391304 0.5457142114 0.0146)
(0.08886956522 0.5457142114 0.0146)
(0.1015652174 0.5457142114 0.0146)
(0.1142608696 0.5457142114 0.0146)
(0.1269565217 0.5457142114 0.0146)
(0.1396521739 0.5457142114 0.0146)
(0.1523478261 0.5457142114 0.0146)
(0.1650434783 0.5457142114 0.0146)
(0.1777391304 0.5457142114 0.0146)
(0.1904347826 0.5457142114 0.0146)
(0.2031304348 0.5457142114 0.0146)
(0.215826087 0.5457142114 0.0146)
(0.2285217391 0.5457142114 0.0146)
(0.2412173913 0.5457142114 0.0146)
(0.2539130435 0.5457142114 0.0146)
(0.2666086957 0.5457142114 0.0146)
(0.2793043478 0.5457142114 0.0146)
(0.292 0.5457142114 0.0146)
(0 0.558476141 0.0146)
(0.01269565217 0.558476141 0.0146)
(0.02539130435 0.558476141 0.0146)
(0.03808695652 0.558476141 0.0146)
(0.0507826087 0.558476141 0.0146)
(0.06347826087 0.558476141 0.0146)
(0.07617391304 0.558476141 0.0146)
(0.08886956522 0.558476141 0.0146)
(0.1015652174 0.558476141 0.0146)
(0.1142608696 0.558476141 0.0146)
(0.1269565217 0.558476141 0.0146)
(0.1396521739 0.558476141 0.0146)
(0.1523478261 0.558476141 0.0146)
(0.1650434783 0.558476141 0.0146)
(0.1777391304 0.558476141 0.0146)
(0.1904347826 0.558476141 0.0146)
(0.2031304348 0.558476141 0.0146)
(0.215826087 0.558476141 0.0146)
(0.2285217391 0.558476141 0.0146)
(0.2412173913 0.558476141 0.0146)
(0.2539130435 0.558476141 0.0146)
(0.2666086957 0.558476141 0.0146)
(0.2793043478 0.558476141 0.0146)
(0.292 0.558476141 0.0146)
(0 0.5712380705 0.0146)
(0.01269565217 0.5712380705 0.0146)
(0.02539130435 0.5712380705 0.0146)
(0.03808695652 0.5712380705 0.0146)
(0.0507826087 0.5712380705 0.0146)
(0.06347826087 0.5712380705 0.0146)
(0.07617391304 0.5712380705 0.0146)
(0.08886956522 0.5712380705 0.0146)
(0.1015652174 0.5712380705 0.0146)
(0.1142608696 0.5712380705 0.0146)
(0.1269565217 0.5712380705 0.0146)
(0.1396521739 0.5712380705 0.0146)
(0.1523478261 0.5712380705 0.0146)
(0.1650434783 0.5712380705 0.0146)
(0.1777391304 0.5712380705 0.0146)
(0.1904347826 0.5712380705 0.0146)
(0.2031304348 0.5712380705 0.0146)
(0.215826087 0.5712380705 0.0146)
(0.2285217391 0.5712380705 0.0146)
(0.2412173913 0.5712380705 0.0146)
(0.2539130435 0.5712380705 0.0146)
(0.2666086957 0.5712380705 0.0146)
(0.2793043478 0.5712380705 0.0146)
(0.292 0.5712380705 0.0146)
(0 0.584 0.0146)
(0.01269565217 0.584 0.0146)
(0.02539130435 0.584 0.0146)
(0.03808695652 0.584 0.0146)
(0.0507826087 0.584 0.0146)
(0.06347826087 0.584 0.0146)
(0.07617391304 0.584 0.0146)
(0.08886956522 0.584 0.0146)
(0.1015652174 0.584 0.0146)
(0.1142608696 0.584 0.0146)
(0.1269565217 0.584 0.0146)
(0.1396521739 0.584 0.0146)
(0.1523478261 0.584 0.0146)
(0.1650434783 0.584 0.0146)
(0.1777391304 0.584 0.0146)
(0.1904347826 0.584 0.0146)
(0.2031304348 0.584 0.0146)
(0.215826087 0.584 0.0146)
(0.2285217391 0.584 0.0146)
(0.2412173913 0.584 0.0146)
(0.2539130435 0.584 0.0146)
(0.2666086957 0.584 0.0146)
(0.2793043478 0.584 0.0146)
(0.292 0.584 0.0146)
(0.29799987 0.2649517619 0)
(0.30399974 0.2649517619 0)
(0.30999961 0.2649517619 0)
(0.31599948 0.2649517619 0)
(0.29799987 0.2777136914 0)
(0.30399974 0.2777136914 0)
(0.30999961 0.2777136914 0)
(0.31599948 0.2777136914 0)
(0.29799987 0.290475621 0)
(0.30399974 0.290475621 0)
(0.30999961 0.290475621 0)
(0.31599948 0.290475621 0)
(0.29799987 0.3032375505 0)
(0.30399974 0.3032375505 0)
(0.30999961 0.3032375505 0)
(0.31599948 0.3032375505 0)
(0.29799987 0.31599948 0)
(0.30399974 0.31599948 0)
(0.30999961 0.31599948 0)
(0.31599948 0.31599948 0)
(0.29799987 0.3287614095 0)
(0.30399974 0.3287614095 0)
(0.30999961 0.3287614095 0)
(0.31599948 0.3287614095 0)
(0.29799987 0.341523339 0)
(0.30399974 0.341523339 0)
(0.30999961 0.341523339 0)
(0.31599948 0.341523339 0)
(0.29799987 0.3542852686 0)
(0.30399974 0.3542852686 0)
(0.30999961 0.3542852686 0)
(0.31599948 0.3542852686 0)
(0.29799987 0.3670471981 0)
(0.30399974 0.3670471981 0)
(0.30999961 0.3670471981 0)
(0.31599948 0.3670471981 0)
(0.29799987 0.3798091276 0)
(0.30399974 0.3798091276 0)
(0.30999961 0.3798091276 0)
(0.31599948 0.3798091276 0)
(0.29799987 0.3925710571 0)
(0.30399974 0.3925710571 0)
(0.30999961 0.3925710571 0)
(0.31599948 0.3925710571 0)
(0.29799987 0.4053329867 0)
(0.30399974 0.4053329867 0)
(0.30999961 0.4053329867 0)
(0.31599948 0.4053329867 0)
(0.29799987 0.4180949162 0)
(0.30399974 0.4180949162 0)
(0.30999961 0.4180949162 0)
(0.31599948 0.4180949162 0)
(0.29799987 0.4308568457 0)
(0.30399974 0.4308568457 0)
(0.30999961 0.4308568457 0)
(0.31599948 0.4308568457 0)
(0.29799987 0.4436187752 0)
(0.30399974 0.4436187752 0)
(0.30999961 0.4436187752 0)
(0.31599948 0.4436187752 0)
(0.29799987 0.4563807048 0)
(0.30399974 0.4563807048 0)
(0.30999961 0.4563807048 0)
(0.31599948 0.4563807048 0)
(0.29799987 0.4691426343 0)
(0.30399974 0.4691426343 0)
(0.30999961 0.4691426343 0)
(0.31599948 0.4691426343 0)
(0.29799987 0.4819045638 0)
(0.30399974 0.4819045638 0)
(0.30999961 0.4819045638 0)
(0.31599948 0.4819045638 0)
(0.29799987 0.4946664933 0)
(0.30399974 0.4946664933 0)
(0.30999961 0.4946664933 0)
(0.31599948 0.4946664933 0)
(0.29799987 0.5074284229 0)
(0.30399974 0.5074284229 0)
(0.30999961 0.5074284229 0)
(0.31599948 0.5074284229 0)
(0.29799987 0.5201903524 0)
(0.30399974 0.5201903524 0)
(0.30999961 0.5201903524 0)
(0.31599948 0.5201903524 0)
(0.29799987 0.5329522819 0)
(0.30399974 0.5329522819 0)
(0.30999961 0.5329522819 0)
(0.31599948 0.5329522819 0)
(0.29799987 0.5457142114 0)
(0.30399974 0.5457142114 0)
(0.30999961 0.5457142114 0)
(0.31599948 0.5457142114 0)
(0.29799987 0.558476141 0)
(0.30399974 0.558476141 0)
(0.30999961 0.558476141 0)
(0.31599948 0.558476141 0)
(0.29799987 0.5712380705 0)
(0.30399974 0.5712380705 0)
(0.30999961 0.5712380705 0)
(0.31599948 0.5712380705 0)
(0.29799987 0.584 0)
(0.30399974 0.584 0)
(0.30999961 0.584 0)
(0.31599948 0.584 0)
(0.29799987 0.2649517619 0.0146)
(0.30399974 0.2649517619 0.0146)
(0.30999961 0.2649517619 0.0146)
(0.31599948 0.2649517619 0.0146)
(0.29799987 0.2777136914 0.0146)
(0.30399974 0.2777136914 0.0146)
(0.30999961 0.2777136914 0.0146)
(0.31599948 0.2777136914 0.0146)
(0.29799987 0.290475621 0.0146)
(0.30399974 0.290475621 0.0146)
(0.30999961 0.290475621 0.0146)
(0.31599948 0.290475621 0.0146)
(0.29799987 0.3032375505 0.0146)
(0.30399974 0.3032375505 0.0146)
(0.30999961 0.3032375505 0.0146)
(0.31599948 0.3032375505 0.0146)
(0.29799987 0.31599948 0.0146)
(0.30399974 0.31599948 0.0146)
(0.30999961 0.31599948 0.0146)
(0.31599948 0.31599948 0.0146)
(0.29799987 0.3287614095 0.0146)
(0.30399974 0.3287614095 0.0146)
(0.30999961 0.3287614095 0.0146)
(0.31599948 0.3287614095 0.0146)
(0.29799987 0.341523339 0.0146)
(0.30399974 0.341523339 0.0146)
(0.30999961 0.341523339 0.0146)
(0.31599948 0.341523339 0.0146)
(0.29799987 0.3542852686 0.0146)
(0.30399974 0.3542852686 0.0146)
(0.30999961 0.3542852686 0.0146)
(0.31599948 0.3542852686 0.0146)
(0.29799987 0.3670471981 0.0146)
(0.30399974 0.3670471981 0.0146)
(0.30999961 0.3670471981 0.0146)
(0.31599948 0.3670471981 0.0146)
(0.29799987 0.3798091276 0.0146)
(0.30399974 0.3798091276 0.0146)
(0.30999961 0.3798091276 0.0146)
(0.31599948 0.3798091276 0.0146)
(0.29799987 0.3925710571 0.0146)
(0.30399974 0.3925710571 0.0146)
(0.30999961 0.3925710571 0.0146)
(0.31599948 0.3925710571 0.0146)
(0.29799987 0.4053329867 0.0146)
(0.30399974 0.4053329867 0.0146)
(0.30999961 0.4053329867 0.0146)
(0.31599948 0.4053329867 0.0146)
(0.29799987 0.4180949162 0.0146)
(0.30399974 0.4180949162 0.0146)
(0.30999961 0.4180949162 0.0146)
(0.31599948 0.4180949162 0.0146)
(0.29799987 0.4308568457 0.0146)
(0.30399974 0.4308568457 0.0146)
(0.30999961 0.4308568457 0.0146)
(0.31599948 0.4308568457 0.0146)
(0.29799987 0.4436187752 0.0146)
(0.30399974 0.4436187752 0.0146)
(0.30999961 0.4436187752 0.0146)
(0.31599948 0.4436187752 0.0146)
(0.29799987 0.4563807048 0.0146)
(0.30399974 0.4563807048 0.0146)
(0.30999961 0.4563807048 0.0146)
(0.31599948 0.4563807048 0.0146)
(0.29799987 0.4691426343 0.0146)
(0.30399974 0.4691426343 0.0146)
(0.30999961 0.4691426343 0.0146)
(0.31599948 0.4691426343 0.0146)
(0.29799987 0.4819045638 0.0146)
(0.30399974 0.4819045638 0.0146)
(0.30999961 0.4819045638 0.0146)
(0.31599948 0.4819045638 0.0146)
(0.29799987 0.4946664933 0.0146)
(0.30399974 0.4946664933 0.0146)
(0.30999961 0.4946664933 0.0146)
(0.31599948 0.4946664933 0.0146)
(0.29799987 0.5074284229 0.0146)
(0.30399974 0.5074284229 0.0146)
(0.30999961 0.5074284229 0.0146)
(0.31599948 0.5074284229 0.0146)
(0.29799987 0.5201903524 0.0146)
(0.30399974 0.5201903524 0.0146)
(0.30999961 0.5201903524 0.0146)
(0.31599948 0.5201903524 0.0146)
(0.29799987 0.5329522819 0.0146)
(0.30399974 0.5329522819 0.0146)
(0.30999961 0.5329522819 0.0146)
(0.31599948 0.5329522819 0.0146)
(0.29799987 0.5457142114 0.0146)
(0.30399974 0.5457142114 0.0146)
(0.30999961 0.5457142114 0.0146)
(0.31599948 0.5457142114 0.0146)
(0.29799987 0.558476141 0.0146)
(0.30399974 0.558476141 0.0146)
(0.30999961 0.558476141 0.0146)
(0.31599948 0.558476141 0.0146)
(0.29799987 0.5712380705 0.0146)
(0.30399974 0.5712380705 0.0146)
(0.30999961 0.5712380705 0.0146)
(0.31599948 0.5712380705 0.0146)
(0.29799987 0.584 0.0146)
(0.30399974 0.584 0.0146)
(0.30999961 0.584 0.0146)
(0.31599948 0.584 0.0146)
(0.3301047705 0.2649517619 0)
(0.3442100611 0.2649517619 0)
(0.3583153516 0.2649517619 0)
(0.3724206421 0.2649517619 0)
(0.3865259326 0.2649517619 0)
(0.4006312232 0.2649517619 0)
(0.4147365137 0.2649517619 0)
(0.4288418042 0.2649517619 0)
(0.4429470947 0.2649517619 0)
(0.4570523853 0.2649517619 0)
(0.4711576758 0.2649517619 0)
(0.4852629663 0.2649517619 0)
(0.4993682568 0.2649517619 0)
(0.5134735474 0.2649517619 0)
(0.5275788379 0.2649517619 0)
(0.5416841284 0.2649517619 0)
(0.5557894189 0.2649517619 0)
(0.5698947095 0.2649517619 0)
(0.584 0.2649517619 0)
(0.3301047705 0.2777136914 0)
(0.3442100611 0.2777136914 0)
(0.3583153516 0.2777136914 0)
(0.3724206421 0.2777136914 0)
(0.3865259326 0.2777136914 0)
(0.4006312232 0.2777136914 0)
(0.4147365137 0.2777136914 0)
(0.4288418042 0.2777136914 0)
(0.4429470947 0.2777136914 0)
(0.4570523853 0.2777136914 0)
(0.4711576758 0.2777136914 0)
(0.4852629663 0.2777136914 0)
(0.4993682568 0.2777136914 0)
(0.5134735474 0.2777136914 0)
(0.5275788379 0.2777136914 0)
(0.5416841284 0.2777136914 0)
(0.5557894189 0.2777136914 0)
(0.5698947095 0.2777136914 0)
(0.584 0.2777136914 0)
(0.3301047705 0.290475621 0)
(0.3442100611 0.290475621 0)
(0.3583153516 0.290475621 0)
(0.3724206421 0.290475621 0)
(0.3865259326 0.290475621 0)
(0.4006312232 0.290475621 0)
(0.4147365137 0.290475621 0)
(0.4288418042 0.290475621 0)
(0.4429470947 0.290475621 0)
(0.4570523853 0.290475621 0)
(0.4711576758 0.290475621 0)
(0.4852629663 0.290475621 0)
(0.4993682568 0.290475621 0)
(0.5134735474 0.290475621 0)
(0.5275788379 0.290475621 0)
(0.5416841284 0.290475621 0)
(0.5557894189 0.290475621 0)
(0.5698947095 0.290475621 0)
(0.584 0.290475621 0)
(0.3301047705 0.3032375505 0)
(0.3442100611 0.3032375505 0)
(0.3583153516 0.3032375505 0)
(0.3724206421 0.3032375505 0)
(0.3865259326 0.3032375505 0)
(0.4006312232 0.3032375505 0)
(0.4147365137 0.3032375505 0)
(0.4288418042 0.3032375505 0)
(0.4429470947 0.3032375505 0)
(0.4570523853 0.3032375505 0)
(0.4711576758 0.3032375505 0)
(0.4852629663 0.3032375505 0)
(0.4993682568 0.3032375505 0)
(0.5134735474 0.3032375505 0)
(0.5275788379 0.3032375505 0)
(0.5416841284 0.3032375505 0)
(0.5557894189 0.3032375505 0)
(0.5698947095 0.3032375505 0)
(0.584 0.3032375505 0)
(0.3301047705 0.31599948 0)
(0.3442100611 0.31599948 0)
(0.3583153516 0.31599948 0)
(0.3724206421 0.31599948 0)
(0.3865259326 0.31599948 0)
(0.4006312232 0.31599948 0)
(0.4147365137 0.31599948 0)
(0.4288418042 0.31599948 0)
(0.4429470947 0.31599948 0)
(0.4570523853 0.31599948 0)
(0.4711576758 0.31599948 0)
(0.4852629663 0.31599948 0)
(0.4993682568 0.31599948 0)
(0.5134735474 0.31599948 0)
(0.5275788379 0.31599948 0)
(0.5416841284 0.31599948 0)
(0.5557894189 0.31599948 0)
(0.5698947095 0.31599948 0)
(0.584 0.31599948 0)
(0.3301047705 0.3287614095 0)
(0.3442100611 0.3287614095 0)
(0.3583153516 0.3287614095 0)
(0.3724206421 0.3287614095 0)
(0.3865259326 0.3287614095 0)
(0.4006312232 0.3287614095 0)
(0.4147365137 0.3287614095 0)
(0.4288418042 0.3287614095 0)
(0.4429470947 0.3287614095 0)
(0.4570523853 0.3287614095 0)
(0.4711576758 0.3287614095 0)
(0.4852629663 0.3287614095 0)
(0.4993682568 0.3287614095 0)
(0.5134735474 0.3287614095 0)
(0.5275788379 0.3287614095 0)
(0.5416841284 0.3287614095 0)
(0.5557894189 0.3287614095 0)
(0.5698947095 0.3287614095 0)
(0.584 0.3287614095 0)
(0.3301047705 0.341523339 0)
(0.3442100611 0.341523339 0)
(0.3583153516 0.341523339 0)
(0.3724206421 0.341523339 0)
(0.3865259326 0.341523339 0)
(0.4006312232 0.341523339 0)
(0.4147365137 0.341523339 0)
(0.4288418042 0.341523339 0)
(0.4429470947 0.341523339 0)
(0.4570523853 0.341523339 0)
(0.4711576758 0.341523339 0)
(0.4852629663 0.341523339 0)
(0.4993682568 0.341523339 0)
(0.5134735474 0.341523339 0)
(0.5275788379 0.341523339 0)
(0.5416841284 0.341523339 0)
(0.5557894189 0.341523339 0)
(0.5698947095 0.341523339 0)
(0.584 0.341523339 0)
(0.3301047705 0.3542852686 0)
(0.3442100611 0.3542852686 0)
(0.3583153516 0.3542852686 0)
(0.3724206421 0.3542852686 0)
(0.3865259326 0.3542852686 0)
(0.4006312232 0.3542852686 0)
(0.4147365137 0.3542852686 0)
(0.4288418042 0.3542852686 0)
(0.4429470947 0.3542852686 0)
(0.4570523853 0.3542852686 0)
(0.4711576758 0.3542852686 0)
(0.4852629663 0.3542852686 0)
(0.4993682568 0.3542852686 0)
(0.5134735474 0.3542852686 0)
(0.5275788379 0.3542852686 0)
(0.5416841284 0.3542852686 0)
(0.5557894189 0.3542852686 0)
(0.5698947095 0.3542852686 0)
(0.584 0.3542852686 0)
(0.3301047705 0.3670471981 0)
(0.3442100611 0.3670471981 0)
(0.3583153516 0.3670471981 0)
(0.3724206421 0.3670471981 0)
(0.3865259326 0.3670471981 0)
(0.4006312232 0.3670471981 0)
(0.4147365137 0.3670471981 0)
(0.4288418042 0.3670471981 0)
(0.4429470947 0.3670471981 0)
(0.4570523853 0.3670471981 0)
(0.4711576758 0.3670471981 0)
(0.4852629663 0.3670471981 0)
(0.4993682568 0.3670471981 0)
(0.5134735474 0.3670471981 0)
(0.5275788379 0.3670471981 0)
(0.5416841284 0.3670471981 0)
(0.5557894189 0.3670471981 0)
(0.5698947095 0.3670471981 0)
(0.584 0.3670471981 0)
(0.3301047705 0.3798091276 0)
(0.3442100611 0.3798091276 0)
(0.3583153516 0.3798091276 0)
(0.3724206421 0.3798091276 0)
(0.3865259326 0.3798091276 0)
(0.4006312232 0.3798091276 0)
(0.4147365137 0.3798091276 0)
(0.4288418042 0.3798091276 0)
(0.4429470947 0.3798091276 0)
(0.4570523853 0.3798091276 0)
(0.4711576758 0.3798091276 0)
(0.4852629663 0.3798091276 0)
(0.4993682568 0.3798091276 0)
(0.5134735474 0.3798091276 0)
(0.5275788379 0.3798091276 0)
(0.5416841284 0.3798091276 0)
(0.5557894189 0.3798091276 0)
(0.5698947095 0.3798091276 0)
(0.584 0.3798091276 0)
(0.3301047705 0.3925710571 0)
(0.3442100611 0.3925710571 0)
(0.3583153516 0.3925710571 0)
(0.3724206421 0.3925710571 0)
(0.3865259326 0.3925710571 0)
(0.4006312232 0.3925710571 0)
(0.4147365137 0.3925710571 0)
(0.4288418042 0.3925710571 0)
(0.4429470947 0.3925710571 0)
(0.4570523853 0.3925710571 0)
(0.4711576758 0.3925710571 0)
(0.4852629663 0.3925710571 0)
(0.4993682568 0.3925710571 0)
(0.5134735474 0.3925710571 0)
(0.5275788379 0.3925710571 0)
(0.5416841284 0.3925710571 0)
(0.5557894189 0.3925710571 0)
(0.5698947095 0.3925710571 0)
(0.584 0.3925710571 0)
(0.3301047705 0.4053329867 0)
(0.3442100611 0.4053329867 0)
(0.3583153516 0.4053329867 0)
(0.3724206421 0.4053329867 0)
(0.3865259326 0.4053329867 0)
(0.4006312232 0.4053329867 0)
(0.4147365137 0.4053329867 0)
(0.4288418042 0.4053329867 0)
(0.4429470947 0.4053329867 0)
(0.4570523853 0.4053329867 0)
(0.4711576758 0.4053329867 0)
(0.4852629663 0.4053329867 0)
(0.4993682568 0.4053329867 0)
(0.5134735474 0.4053329867 0)
(0.5275788379 0.4053329867 0)
(0.5416841284 0.4053329867 0)
(0.5557894189 0.4053329867 0)
(0.5698947095 0.4053329867 0)
(0.584 0.4053329867 0)
(0.3301047705 0.4180949162 0)
(0.3442100611 0.4180949162 0)
(0.3583153516 0.4180949162 0)
(0.3724206421 0.4180949162 0)
(0.3865259326 0.4180949162 0)
(0.4006312232 0.4180949162 0)
(0.4147365137 0.4180949162 0)
(0.4288418042 0.4180949162 0)
(0.4429470947 0.4180949162 0)
(0.4570523853 0.4180949162 0)
(0.4711576758 0.4180949162 0)
(0.4852629663 0.4180949162 0)
(0.4993682568 0.4180949162 0)
(0.5134735474 0.4180949162 0)
(0.5275788379 0.4180949162 0)
(0.5416841284 0.4180949162 0)
(0.5557894189 0.4180949162 0)
(0.5698947095 0.4180949162 0)
(0.584 0.4180949162 0)
(0.3301047705 0.4308568457 0)
(0.3442100611 0.4308568457 0)
(0.3583153516 0.4308568457 0)
(0.3724206421 0.4308568457 0)
(0.3865259326 0.4308568457 0)
(0.4006312232 0.4308568457 0)
(0.4147365137 0.4308568457 0)
(0.4288418042 0.4308568457 0)
(0.4429470947 0.4308568457 0)
(0.4570523853 0.4308568457 0)
(0.4711576758 0.4308568457 0)
(0.4852629663 0.4308568457 0)
(0.4993682568 0.4308568457 0)
(0.5134735474 0.4308568457 0)
(0.5275788379 0.4308568457 0)
(0.5416841284 0.4308568457 0)
(0.5557894189 0.4308568457 0)
(0.5698947095 0.4308568457 0)
(0.584 0.4308568457 0)
(0.3301047705 0.4436187752 0)
(0.3442100611 0.4436187752 0)
(0.3583153516 0.4436187752 0)
(0.3724206421 0.4436187752 0)
(0.3865259326 0.4436187752 0)
(0.4006312232 0.4436187752 0)
(0.4147365137 0.4436187752 0)
(0.4288418042 0.4436187752 0)
(0.4429470947 0.4436187752 0)
(0.4570523853 0.4436187752 0)
(0.4711576758 0.4436187752 0)
(0.4852629663 0.4436187752 0)
(0.4993682568 0.4436187752 0)
(0.5134735474 0.4436187752 0)
(0.5275788379 0.4436187752 0)
(0.5416841284 0.4436187752 0)
(0.5557894189 0.4436187752 0)
(0.5698947095 0.4436187752 0)
(0.584 0.4436187752 0)
(0.3301047705 0.4563807048 0)
(0.3442100611 0.4563807048 0)
(0.3583153516 0.4563807048 0)
(0.3724206421 0.4563807048 0)
(0.3865259326 0.4563807048 0)
(0.4006312232 0.4563807048 0)
(0.4147365137 0.4563807048 0)
(0.4288418042 0.4563807048 0)
(0.4429470947 0.4563807048 0)
(0.4570523853 0.4563807048 0)
(0.4711576758 0.4563807048 0)
(0.4852629663 0.4563807048 0)
(0.4993682568 0.4563807048 0)
(0.5134735474 0.4563807048 0)
(0.5275788379 0.4563807048 0)
(0.5416841284 0.4563807048 0)
(0.5557894189 0.4563807048 0)
(0.5698947095 0.4563807048 0)
(0.584 0.4563807048 0)
(0.3301047705 0.4691426343 0)
(0.3442100611 0.4691426343 0)
(0.3583153516 0.4691426343 0)
(0.3724206421 0.4691426343 0)
(0.3865259326 0.4691426343 0)
(0.4006312232 0.4691426343 0)
(0.4147365137 0.4691426343 0)
(0.4288418042 0.4691426343 0)
(0.4429470947 0.4691426343 0)
(0.4570523853 0.4691426343 0)
(0.4711576758 0.4691426343 0)
(0.4852629663 0.4691426343 0)
(0.4993682568 0.4691426343 0)
(0.5134735474 0.4691426343 0)
(0.5275788379 0.4691426343 0)
(0.5416841284 0.4691426343 0)
(0.5557894189 0.4691426343 0)
(0.5698947095 0.4691426343 0)
(0.584 0.4691426343 0)
(0.3301047705 0.4819045638 0)
(0.3442100611 0.4819045638 0)
(0.3583153516 0.4819045638 0)
(0.3724206421 0.4819045638 0)
(0.3865259326 0.4819045638 0)
(0.4006312232 0.4819045638 0)
(0.4147365137 0.4819045638 0)
(0.4288418042 0.4819045638 0)
(0.4429470947 0.4819045638 0)
(0.4570523853 0.4819045638 0)
(0.4711576758 0.4819045638 0)
(0.4852629663 0.4819045638 0)
(0.4993682568 0.4819045638 0)
(0.5134735474 0.4819045638 0)
(0.5275788379 0.4819045638 0)
(0.5416841284 0.4819045638 0)
(0.5557894189 0.4819045638 0)
(0.5698947095 0.4819045638 0)
(0.584 0.4819045638 0)
(0.3301047705 0.4946664933 0)
(0.3442100611 0.4946664933 0)
(0.3583153516 0.4946664933 0)
(0.3724206421 0.4946664933 0)
(0.3865259326 0.4946664933 0)
(0.4006312232 0.4946664933 0)
(0.4147365137 0.4946664933 0)
(0.4288418042 0.4946664933 0)
(0.4429470947 0.4946664933 0)
(0.4570523853 0.4946664933 0)
(0.4711576758 0.4946664933 0)
(0.4852629663 0.4946664933 0)
(0.4993682568 0.4946664933 0)
(0.5134735474 0.4946664933 0)
(0.5275788379 0.4946664933 0)
(0.5416841284 0.4946664933 0)
(0.5557894189 0.4946664933 0)
(0.5698947095 0.4946664933 0)
(0.584 0.4946664933 0)
(0.3301047705 0.5074284229 0)
(0.3442100611 0.5074284229 0)
(0.3583153516 0.5074284229 0)
(0.3724206421 0.5074284229 0)
(0.3865259326 0.5074284229 0)
(0.4006312232 0.5074284229 0)
(0.4147365137 0.5074284229 0)
(0.4288418042 0.5074284229 0)
(0.4429470947 0.5074284229 0)
(0.4570523853 0.5074284229 0)
(0.4711576758 0.5074284229 0)
(0.4852629663 0.5074284229 0)
(0.4993682568 0.5074284229 0)
(0.5134735474 0.5074284229 0)
(0.5275788379 0.5074284229 0)
(0.5416841284 0.5074284229 0)
(0.5557894189 0.5074284229 0)
(0.5698947095 0.5074284229 0)
(0.584 0.5074284229 0)
(0.3301047705 0.5201903524 0)
(0.3442100611 0.5201903524 0)
(0.3583153516 0.5201903524 0)
(0.3724206421 0.5201903524 0)
(0.3865259326 0.5201903524 0)
(0.4006312232 0.5201903524 0)
(0.4147365137 0.5201903524 0)
(0.4288418042 0.5201903524 0)
(0.4429470947 0.5201903524 0)
(0.4570523853 0.5201903524 0)
(0.4711576758 0.5201903524 0)
(0.4852629663 0.5201903524 0)
(0.4993682568 0.5201903524 0)
(0.5134735474 0.5201903524 0)
(0.5275788379 0.5201903524 0)
(0.5416841284 0.5201903524 0)
(0.5557894189 0.5201903524 0)
(0.5698947095 0.5201903524 0)
(0.584 0.5201903524 0)
(0.3301047705 0.5329522819 0)
(0.3442100611 0.5329522819 0)
(0.3583153516 0.5329522819 0)
(0.3724206421 0.5329522819 0)
(0.3865259326 0.5329522819 0)
(0.4006312232 0.5329522819 0)
(0.4147365137 0.5329522819 0)
(0.4288418042 0.5329522819 0)
(0.4429470947 0.5329522819 0)
(0.4570523853 0.5329522819 0)
(0.4711576758 0.5329522819 0)
(0.4852629663 0.5329522819 0)
(0.4993682568 0.5329522819 0)
(0.5134735474 0.5329522819 0)
(0.5275788379 0.5329522819 0)
(0.5416841284 0.5329522819 0)
(0.5557894189 0.5329522819 0)
(0.5698947095 0.5329522819 0)
(0.584 0.5329522819 0)
(0.3301047705 0.5457142114 0)
(0.3442100611 0.5457142114 0)
(0.3583153516 0.5457142114 0)
(0.3724206421 0.5457142114 0)
(0.3865259326 0.5457142114 0)
(0.4006312232 0.5457142114 0)
(0.4147365137 0.5457142114 0)
(0.4288418042 0.5457142114 0)
(0.4429470947 0.5457142114 0)
(0.4570523853 0.5457142114 0)
(0.4711576758 0.5457142114 0)
(0.4852629663 0.5457142114 0)
(0.4993682568 0.5457142114 0)
(0.5134735474 0.5457142114 0)
(0.5275788379 0.5457142114 0)
(0.5416841284 0.5457142114 0)
(0.5557894189 0.5457142114 0)
(0.5698947095 0.5457142114 0)
(0.584 0.5457142114 0)
(0.3301047705 0.558476141 0)
(0.3442100611 0.558476141 0)
(0.3583153516 0.558476141 0)
(0.3724206421 0.558476141 0)
(0.3865259326 0.558476141 0)
(0.4006312232 0.558476141 0)
(0.4147365137 0.558476141 0)
(0.4288418042 0.558476141 0)
(0.4429470947 0.558476141 0)
(0.4570523853 0.558476141 0)
(0.4711576758 0.558476141 0)
(0.4852629663 0.558476141 0)
(0.4993682568 0.558476141 0)
(0.5134735474 0.558476141 0)
(0.5275788379 0.558476141 0)
(0.5416841284 0.558476141 0)
(0.5557894189 0.558476141 0)
(0.5698947095 0.558476141 0)
(0.584 0.558476141 0)
(0.3301047705 0.5712380705 0)
(0.3442100611 0.5712380705 0)
(0.3583153516 0.5712380705 0)
(0.3724206421 0.5712380705 0)
(0.3865259326 0.5712380705 0)
(0.4006312232 0.5712380705 0)
(0.4147365137 0.5712380705 0)
(0.4288418042 0.5712380705 0)
(0.4429470947 0.5712380705 0)
(0.4570523853 0.5712380705 0)
(0.4711576758 0.5712380705 0)
(0.4852629663 0.5712380705 0)
(0.4993682568 0.5712380705 0)
(0.5134735474 0.5712380705 0)
(0.5275788379 0.5712380705 0)
(0.5416841284 0.5712380705 0)
(0.5557894189 0.5712380705 0)
(0.5698947095 0.5712380705 0)
(0.584 0.5712380705 0)
(0.3301047705 0.584 0)
(0.3442100611 0.584 0)
(0.3583153516 0.584 0)
(0.3724206421 0.584 0)
(0.3865259326 0.584 0)
(0.4006312232 0.584 0)
(0.4147365137 0.584 0)
(0.4288418042 0.584 0)
(0.4429470947 0.584 0)
(0.4570523853 0.584 0)
(0.4711576758 0.584 0)
(0.4852629663 0.584 0)
(0.4993682568 0.584 0)
(0.5134735474 0.584 0)
(0.5275788379 0.584 0)
(0.5416841284 0.584 0)
(0.5557894189 0.584 0)
(0.5698947095 0.584 0)
(0.584 0.584 0)
(0.3301047705 0.2649517619 0.0146)
(0.3442100611 0.2649517619 0.0146)
(0.3583153516 0.2649517619 0.0146)
(0.3724206421 0.2649517619 0.0146)
(0.3865259326 0.2649517619 0.0146)
(0.4006312232 0.2649517619 0.0146)
(0.4147365137 0.2649517619 0.0146)
(0.4288418042 0.2649517619 0.0146)
(0.4429470947 0.2649517619 0.0146)
(0.4570523853 0.2649517619 0.0146)
(0.4711576758 0.2649517619 0.0146)
(0.4852629663 0.2649517619 0.0146)
(0.4993682568 0.2649517619 0.0146)
(0.5134735474 0.2649517619 0.0146)
(0.5275788379 0.2649517619 0.0146)
(0.5416841284 0.2649517619 0.0146)
(0.5557894189 0.2649517619 0.0146)
(0.5698947095 0.2649517619 0.0146)
(0.584 0.2649517619 0.0146)
(0.3301047705 0.2777136914 0.0146)
(0.3442100611 0.2777136914 0.0146)
(0.3583153516 0.2777136914 0.0146)
(0.3724206421 0.2777136914 0.0146)
(0.3865259326 0.2777136914 0.0146)
(0.4006312232 0.2777136914 0.0146)
(0.4147365137 0.2777136914 0.0146)
(0.4288418042 0.2777136914 0.0146)
(0.4429470947 0.2777136914 0.0146)
(0.4570523853 0.2777136914 0.0146)
(0.4711576758 0.2777136914 0.0146)
(0.4852629663 0.2777136914 0.0146)
(0.4993682568 0.2777136914 0.0146)
(0.5134735474 0.2777136914 0.0146)
(0.5275788379 0.2777136914 0.0146)
(0.5416841284 0.2777136914 0.0146)
(0.5557894189 0.2777136914 0.0146)
(0.5698947095 0.2777136914 0.0146)
(0.584 0.2777136914 0.0146)
(0.3301047705 0.290475621 0.0146)
(0.3442100611 0.290475621 0.0146)
(0.3583153516 0.290475621 0.0146)
(0.3724206421 0.290475621 0.0146)
(0.3865259326 0.290475621 0.0146)
(0.4006312232 0.290475621 0.0146)
(0.4147365137 0.290475621 0.0146)
(0.4288418042 0.290475621 0.0146)
(0.4429470947 0.290475621 0.0146)
(0.4570523853 0.290475621 0.0146)
(0.4711576758 0.290475621 0.0146)
(0.4852629663 0.290475621 0.0146)
(0.4993682568 0.290475621 0.0146)
(0.5134735474 0.290475621 0.0146)
(0.5275788379 0.290475621 0.0146)
(0.5416841284 0.290475621 0.0146)
(0.5557894189 0.290475621 0.0146)
(0.5698947095 0.290475621 0.0146)
(0.584 0.290475621 0.0146)
(0.3301047705 0.3032375505 0.0146)
(0.3442100611 0.3032375505 0.0146)
(0.3583153516 0.3032375505 0.0146)
(0.3724206421 0.3032375505 0.0146)
(0.3865259326 0.3032375505 0.0146)
(0.4006312232 0.3032375505 0.0146)
(0.4147365137 0.3032375505 0.0146)
(0.4288418042 0.3032375505 0.0146)
(0.4429470947 0.3032375505 0.0146)
(0.4570523853 0.3032375505 0.0146)
(0.4711576758 0.3032375505 0.0146)
(0.4852629663 0.3032375505 0.0146)
(0.4993682568 0.3032375505 0.0146)
(0.5134735474 0.3032375505 0.0146)
(0.5275788379 0.3032375505 0.0146)
(0.5416841284 0.3032375505 0.0146)
(0.5557894189 0.3032375505 0.0146)
(0.5698947095 0.3032375505 0.0146)
(0.584 0.3032375505 0.0146)
(0.3301047705 0.31599948 0.0146)
(0.3442100611 0.31599948 0.0146)
(0.3583153516 0.31599948 0.0146)
(0.3724206421 0.31599948 0.0146)
(0.3865259326 0.31599948 0.0146)
(0.4006312232 0.31599948 0.0146)
(0.4147365137 0.31599948 0.0146)
(0.4288418042 0.31599948 0.0146)
(0.4429470947 0.31599948 0.0146)
(0.4570523853 0.31599948 0.0146)
(0.4711576758 0.31599948 0.0146)
(0.4852629663 0.31599948 0.0146)
(0.4993682568 0.31599948 0.0146)
(0.5134735474 0.31599948 0.0146)
(0.5275788379 0.31599948 0.0146)
(0.5416841284 0.31599948 0.0146)
(0.5557894189 0.31599948 0.0146)
(0.5698947095 0.31599948 0.0146)
(0.584 0.31599948 0.0146)
(0.3301047705 0.3287614095 0.0146)
(0.3442100611 0.3287614095 0.0146)
(0.3583153516 0.3287614095 0.0146)
(0.3724206421 0.3287614095 0.0146)
(0.3865259326 0.3287614095 0.0146)
(0.4006312232 0.3287614095 0.0146)
(0.4147365137 0.3287614095 0.0146)
(0.4288418042 0.3287614095 0.0146)
(0.4429470947 0.3287614095 0.0146)
(0.4570523853 0.3287614095 0.0146)
(0.4711576758 0.3287614095 0.0146)
(0.4852629663 0.3287614095 0.0146)
(0.4993682568 0.3287614095 0.0146)
(0.5134735474 0.3287614095 0.0146)
(0.5275788379 0.3287614095 0.0146)
(0.5416841284 0.3287614095 0.0146)
(0.5557894189 0.3287614095 0.0146)
(0.5698947095 0.3287614095 0.0146)
(0.584 0.3287614095 0.0146)
(0.3301047705 0.341523339 0.0146)
(0.3442100611 0.341523339 0.0146)
(0.3583153516 0.341523339 0.0146)
(0.3724206421 0.341523339 0.0146)
(0.3865259326 0.341523339 0.0146)
(0.4006312232 0.341523339 0.0146)
(0.4147365137 0.341523339 0.0146)
(0.4288418042 0.341523339 0.0146)
(0.4429470947 0.341523339 0.0146)
(0.4570523853 0.341523339 0.0146)
(0.4711576758 0.341523339 0.0146)
(0.4852629663 0.341523339 0.0146)
(0.4993682568 0.341523339 0.0146)
(0.5134735474 0.341523339 0.0146)
(0.5275788379 0.341523339 0.0146)
(0.5416841284 0.341523339 0.0146)
(0.5557894189 0.341523339 0.0146)
(0.5698947095 0.341523339 0.0146)
(0.584 0.341523339 0.0146)
(0.3301047705 0.3542852686 0.0146)
(0.3442100611 0.3542852686 0.0146)
(0.3583153516 0.3542852686 0.0146)
(0.3724206421 0.3542852686 0.0146)
(0.3865259326 0.3542852686 0.0146)
(0.4006312232 0.3542852686 0.0146)
(0.4147365137 0.3542852686 0.0146)
(0.4288418042 0.3542852686 0.0146)
(0.4429470947 0.3542852686 0.0146)
(0.4570523853 0.3542852686 0.0146)
(0.4711576758 0.3542852686 0.0146)
(0.4852629663 0.3542852686 0.0146)
(0.4993682568 0.3542852686 0.0146)
(0.5134735474 0.3542852686 0.0146)
(0.5275788379 0.3542852686 0.0146)
(0.5416841284 0.3542852686 0.0146)
(0.5557894189 0.3542852686 0.0146)
(0.5698947095 0.3542852686 0.0146)
(0.584 0.3542852686 0.0146)
(0.3301047705 0.3670471981 0.0146)
(0.3442100611 0.3670471981 0.0146)
(0.3583153516 0.3670471981 0.0146)
(0.3724206421 0.3670471981 0.0146)
(0.3865259326 0.3670471981 0.0146)
(0.4006312232 0.3670471981 0.0146)
(0.4147365137 0.3670471981 0.0146)
(0.4288418042 0.3670471981 0.0146)
(0.4429470947 0.3670471981 0.0146)
(0.4570523853 0.3670471981 0.0146)
(0.4711576758 0.3670471981 0.0146)
(0.4852629663 0.3670471981 0.0146)
(0.4993682568 0.3670471981 0.0146)
(0.5134735474 0.3670471981 0.0146)
(0.5275788379 0.3670471981 0.0146)
(0.5416841284 0.3670471981 0.0146)
(0.5557894189 0.3670471981 0.0146)
(0.5698947095 0.3670471981 0.0146)
(0.584 0.3670471981 0.0146)
(0.3301047705 0.3798091276 0.0146)
(0.3442100611 0.3798091276 0.0146)
(0.3583153516 0.3798091276 0.0146)
(0.3724206421 0.3798091276 0.0146)
(0.3865259326 0.3798091276 0.0146)
(0.4006312232 0.3798091276 0.0146)
(0.4147365137 0.3798091276 0.0146)
(0.4288418042 0.3798091276 0.0146)
(0.4429470947 0.3798091276 0.0146)
(0.4570523853 0.3798091276 0.0146)
(0.4711576758 0.3798091276 0.0146)
(0.4852629663 0.3798091276 0.0146)
(0.4993682568 0.3798091276 0.0146)
(0.5134735474 0.3798091276 0.0146)
(0.5275788379 0.3798091276 0.0146)
(0.5416841284 0.3798091276 0.0146)
(0.5557894189 0.3798091276 0.0146)
(0.5698947095 0.3798091276 0.0146)
(0.584 0.3798091276 0.0146)
(0.3301047705 0.3925710571 0.0146)
(0.3442100611 0.3925710571 0.0146)
(0.3583153516 0.3925710571 0.0146)
(0.3724206421 0.3925710571 0.0146)
(0.3865259326 0.3925710571 0.0146)
(0.4006312232 0.3925710571 0.0146)
(0.4147365137 0.3925710571 0.0146)
(0.4288418042 0.3925710571 0.0146)
(0.4429470947 0.3925710571 0.0146)
(0.4570523853 0.3925710571 0.0146)
(0.4711576758 0.3925710571 0.0146)
(0.4852629663 0.3925710571 0.0146)
(0.4993682568 0.3925710571 0.0146)
(0.5134735474 0.3925710571 0.0146)
(0.5275788379 0.3925710571 0.0146)
(0.5416841284 0.3925710571 0.0146)
(0.5557894189 0.3925710571 0.0146)
(0.5698947095 0.3925710571 0.0146)
(0.584 0.3925710571 0.0146)
(0.3301047705 0.4053329867 0.0146)
(0.3442100611 0.4053329867 0.0146)
(0.3583153516 0.4053329867 0.0146)
(0.3724206421 0.4053329867 0.0146)
(0.3865259326 0.4053329867 0.0146)
(0.4006312232 0.4053329867 0.0146)
(0.4147365137 0.4053329867 0.0146)
(0.4288418042 0.4053329867 0.0146)
(0.4429470947 0.4053329867 0.0146)
(0.4570523853 0.4053329867 0.0146)
(0.4711576758 0.4053329867 0.0146)
(0.4852629663 0.4053329867 0.0146)
(0.4993682568 0.4053329867 0.0146)
(0.5134735474 0.4053329867 0.0146)
(0.5275788379 0.4053329867 0.0146)
(0.5416841284 0.4053329867 0.0146)
(0.5557894189 0.4053329867 0.0146)
(0.5698947095 0.4053329867 0.0146)
(0.584 0.4053329867 0.0146)
(0.3301047705 0.4180949162 0.0146)
(0.3442100611 0.4180949162 0.0146)
(0.3583153516 0.4180949162 0.0146)
(0.3724206421 0.4180949162 0.0146)
(0.3865259326 0.4180949162 0.0146)
(0.4006312232 0.4180949162 0.0146)
(0.4147365137 0.4180949162 0.0146)
(0.4288418042 0.4180949162 0.0146)
(0.4429470947 0.4180949162 0.0146)
(0.4570523853 0.4180949162 0.0146)
(0.4711576758 0.4180949162 0.0146)
(0.4852629663 0.4180949162 0.0146)
(0.4993682568 0.4180949162 0.0146)
(0.5134735474 0.4180949162 0.0146)
(0.5275788379 0.4180949162 0.0146)
(0.5416841284 0.4180949162 0.0146)
(0.5557894189 0.4180949162 0.0146)
(0.5698947095 0.4180949162 0.0146)
(0.584 0.4180949162 0.0146)
(0.3301047705 0.4308568457 0.0146)
(0.3442100611 0.4308568457 0.0146)
(0.3583153516 0.4308568457 0.0146)
(0.3724206421 0.4308568457 0.0146)
(0.3865259326 0.4308568457 0.0146)
(0.4006312232 0.4308568457 0.0146)
(0.4147365137 0.4308568457 0.0146)
(0.4288418042 0.4308568457 0.0146)
(0.4429470947 0.4308568457 0.0146)
(0.4570523853 0.4308568457 0.0146)
(0.4711576758 0.4308568457 0.0146)
(0.4852629663 0.4308568457 0.0146)
(0.4993682568 0.4308568457 0.0146)
(0.5134735474 0.4308568457 0.0146)
(0.5275788379 0.4308568457 0.0146)
(0.5416841284 0.4308568457 0.0146)
(0.5557894189 0.4308568457 0.0146)
(0.5698947095 0.4308568457 0.0146)
(0.584 0.4308568457 0.0146)
(0.3301047705 0.4436187752 0.0146)
(0.3442100611 0.4436187752 0.0146)
(0.3583153516 0.4436187752 0.0146)
(0.3724206421 0.4436187752 0.0146)
(0.3865259326 0.4436187752 0.0146)
(0.4006312232 0.4436187752 0.0146)
(0.4147365137 0.4436187752 0.0146)
(0.4288418042 0.4436187752 0.0146)
(0.4429470947 0.4436187752 0.0146)
(0.4570523853 0.4436187752 0.0146)
(0.4711576758 0.4436187752 0.0146)
(0.4852629663 0.4436187752 0.0146)
(0.4993682568 0.4436187752 0.0146)
(0.5134735474 0.4436187752 0.0146)
(0.5275788379 0.4436187752 0.0146)
(0.5416841284 0.4436187752 0.0146)
(0.5557894189 0.4436187752 0.0146)
(0.5698947095 0.4436187752 0.0146)
(0.584 0.4436187752 0.0146)
(0.3301047705 0.4563807048 0.0146)
(0.3442100611 0.4563807048 0.0146)
(0.3583153516 0.4563807048 0.0146)
(0.3724206421 0.4563807048 0.0146)
(0.3865259326 0.4563807048 0.0146)
(0.4006312232 0.4563807048 0.0146)
(0.4147365137 0.4563807048 0.0146)
(0.4288418042 0.4563807048 0.0146)
(0.4429470947 0.4563807048 0.0146)
(0.4570523853 0.4563807048 0.0146)
(0.4711576758 0.4563807048 0.0146)
(0.4852629663 0.4563807048 0.0146)
(0.4993682568 0.4563807048 0.0146)
(0.5134735474 0.4563807048 0.0146)
(0.5275788379 0.4563807048 0.0146)
(0.5416841284 0.4563807048 0.0146)
(0.5557894189 0.4563807048 0.0146)
(0.5698947095 0.4563807048 0.0146)
(0.584 0.4563807048 0.0146)
(0.3301047705 0.4691426343 0.0146)
(0.3442100611 0.4691426343 0.0146)
(0.3583153516 0.4691426343 0.0146)
(0.3724206421 0.4691426343 0.0146)
(0.3865259326 0.4691426343 0.0146)
(0.4006312232 0.4691426343 0.0146)
(0.4147365137 0.4691426343 0.0146)
(0.4288418042 0.4691426343 0.0146)
(0.4429470947 0.4691426343 0.0146)
(0.4570523853 0.4691426343 0.0146)
(0.4711576758 0.4691426343 0.0146)
(0.4852629663 0.4691426343 0.0146)
(0.4993682568 0.4691426343 0.0146)
(0.5134735474 0.4691426343 0.0146)
(0.5275788379 0.4691426343 0.0146)
(0.5416841284 0.4691426343 0.0146)
(0.5557894189 0.4691426343 0.0146)
(0.5698947095 0.4691426343 0.0146)
(0.584 0.4691426343 0.0146)
(0.3301047705 0.4819045638 0.0146)
(0.3442100611 0.4819045638 0.0146)
(0.3583153516 0.4819045638 0.0146)
(0.3724206421 0.4819045638 0.0146)
(0.3865259326 0.4819045638 0.0146)
(0.4006312232 0.4819045638 0.0146)
(0.4147365137 0.4819045638 0.0146)
(0.4288418042 0.4819045638 0.0146)
(0.4429470947 0.4819045638 0.0146)
(0.4570523853 0.4819045638 0.0146)
(0.4711576758 0.4819045638 0.0146)
(0.4852629663 0.4819045638 0.0146)
(0.4993682568 0.4819045638 0.0146)
(0.5134735474 0.4819045638 0.0146)
(0.5275788379 0.4819045638 0.0146)
(0.5416841284 0.4819045638 0.0146)
(0.5557894189 0.4819045638 0.0146)
(0.5698947095 0.4819045638 0.0146)
(0.584 0.4819045638 0.0146)
(0.3301047705 0.4946664933 0.0146)
(0.3442100611 0.4946664933 0.0146)
(0.3583153516 0.4946664933 0.0146)
(0.3724206421 0.4946664933 0.0146)
(0.3865259326 0.4946664933 0.0146)
(0.4006312232 0.4946664933 0.0146)
(0.4147365137 0.4946664933 0.0146)
(0.4288418042 0.4946664933 0.0146)
(0.4429470947 0.4946664933 0.0146)
(0.4570523853 0.4946664933 0.0146)
(0.4711576758 0.4946664933 0.0146)
(0.4852629663 0.4946664933 0.0146)
(0.4993682568 0.4946664933 0.0146)
(0.5134735474 0.4946664933 0.0146)
(0.5275788379 0.4946664933 0.0146)
(0.5416841284 0.4946664933 0.0146)
(0.5557894189 0.4946664933 0.0146)
(0.5698947095 0.4946664933 0.0146)
(0.584 0.4946664933 0.0146)
(0.3301047705 0.5074284229 0.0146)
(0.3442100611 0.5074284229 0.0146)
(0.3583153516 0.5074284229 0.0146)
(0.3724206421 0.5074284229 0.0146)
(0.3865259326 0.5074284229 0.0146)
(0.4006312232 0.5074284229 0.0146)
(0.4147365137 0.5074284229 0.0146)
(0.4288418042 0.5074284229 0.0146)
(0.4429470947 0.5074284229 0.0146)
(0.4570523853 0.5074284229 0.0146)
(0.4711576758 0.5074284229 0.0146)
(0.4852629663 0.5074284229 0.0146)
(0.4993682568 0.5074284229 0.0146)
(0.5134735474 0.5074284229 0.0146)
(0.5275788379 0.5074284229 0.0146)
(0.5416841284 0.5074284229 0.0146)
(0.5557894189 0.5074284229 0.0146)
(0.5698947095 0.5074284229 0.0146)
(0.584 0.5074284229 0.0146)
(0.3301047705 0.5201903524 0.0146)
(0.3442100611 0.5201903524 0.0146)
(0.3583153516 0.5201903524 0.0146)
(0.3724206421 0.5201903524 0.0146)
(0.3865259326 0.5201903524 0.0146)
(0.4006312232 0.5201903524 0.0146)
(0.4147365137 0.5201903524 0.0146)
(0.4288418042 0.5201903524 0.0146)
(0.4429470947 0.5201903524 0.0146)
(0.4570523853 0.5201903524 0.0146)
(0.4711576758 0.5201903524 0.0146)
(0.4852629663 0.5201903524 0.0146)
(0.4993682568 0.5201903524 0.0146)
(0.5134735474 0.5201903524 0.0146)
(0.5275788379 0.5201903524 0.0146)
(0.5416841284 0.5201903524 0.0146)
(0.5557894189 0.5201903524 0.0146)
(0.5698947095 0.5201903524 0.0146)
(0.584 0.5201903524 0.0146)
(0.3301047705 0.5329522819 0.0146)
(0.3442100611 0.5329522819 0.0146)
(0.3583153516 0.5329522819 0.0146)
(0.3724206421 0.5329522819 0.0146)
(0.3865259326 0.5329522819 0.0146)
(0.4006312232 0.5329522819 0.0146)
(0.4147365137 0.5329522819 0.0146)
(0.4288418042 0.5329522819 0.0146)
(0.4429470947 0.5329522819 0.0146)
(0.4570523853 0.5329522819 0.0146)
(0.4711576758 0.5329522819 0.0146)
(0.4852629663 0.5329522819 0.0146)
(0.4993682568 0.5329522819 0.0146)
(0.5134735474 0.5329522819 0.0146)
(0.5275788379 0.5329522819 0.0146)
(0.5416841284 0.5329522819 0.0146)
(0.5557894189 0.5329522819 0.0146)
(0.5698947095 0.5329522819 0.0146)
(0.584 0.5329522819 0.0146)
(0.3301047705 0.5457142114 0.0146)
(0.3442100611 0.5457142114 0.0146)
(0.3583153516 0.5457142114 0.0146)
(0.3724206421 0.5457142114 0.0146)
(0.3865259326 0.5457142114 0.0146)
(0.4006312232 0.5457142114 0.0146)
(0.4147365137 0.5457142114 0.0146)
(0.4288418042 0.5457142114 0.0146)
(0.4429470947 0.5457142114 0.0146)
(0.4570523853 0.5457142114 0.0146)
(0.4711576758 0.5457142114 0.0146)
(0.4852629663 0.5457142114 0.0146)
(0.4993682568 0.5457142114 0.0146)
(0.5134735474 0.5457142114 0.0146)
(0.5275788379 0.5457142114 0.0146)
(0.5416841284 0.5457142114 0.0146)
(0.5557894189 0.5457142114 0.0146)
(0.5698947095 0.5457142114 0.0146)
(0.584 0.5457142114 0.0146)
(0.3301047705 0.558476141 0.0146)
(0.3442100611 0.558476141 0.0146)
(0.3583153516 0.558476141 0.0146)
(0.3724206421 0.558476141 0.0146)
(0.3865259326 0.558476141 0.0146)
(0.4006312232 0.558476141 0.0146)
(0.4147365137 0.558476141 0.0146)
(0.4288418042 0.558476141 0.0146)
(0.4429470947 0.558476141 0.0146)
(0.4570523853 0.558476141 0.0146)
(0.4711576758 0.558476141 0.0146)
(0.4852629663 0.558476141 0.0146)
(0.4993682568 0.558476141 0.0146)
(0.5134735474 0.558476141 0.0146)
(0.5275788379 0.558476141 0.0146)
(0.5416841284 0.558476141 0.0146)
(0.5557894189 0.558476141 0.0146)
(0.5698947095 0.558476141 0.0146)
(0.584 0.558476141 0.0146)
(0.3301047705 0.5712380705 0.0146)
(0.3442100611 0.5712380705 0.0146)
(0.3583153516 0.5712380705 0.0146)
(0.3724206421 0.5712380705 0.0146)
(0.3865259326 0.5712380705 0.0146)
(0.4006312232 0.5712380705 0.0146)
(0.4147365137 0.5712380705 0.0146)
(0.4288418042 0.5712380705 0.0146)
(0.4429470947 0.5712380705 0.0146)
(0.4570523853 0.5712380705 0.0146)
(0.4711576758 0.5712380705 0.0146)
(0.4852629663 0.5712380705 0.0146)
(0.4993682568 0.5712380705 0.0146)
(0.5134735474 0.5712380705 0.0146)
(0.5275788379 0.5712380705 0.0146)
(0.5416841284 0.5712380705 0.0146)
(0.5557894189 0.5712380705 0.0146)
(0.5698947095 0.5712380705 0.0146)
(0.584 0.5712380705 0.0146)
(0.3301047705 0.584 0.0146)
(0.3442100611 0.584 0.0146)
(0.3583153516 0.584 0.0146)
(0.3724206421 0.584 0.0146)
(0.3865259326 0.584 0.0146)
(0.4006312232 0.584 0.0146)
(0.4147365137 0.584 0.0146)
(0.4288418042 0.584 0.0146)
(0.4429470947 0.584 0.0146)
(0.4570523853 0.584 0.0146)
(0.4711576758 0.584 0.0146)
(0.4852629663 0.584 0.0146)
(0.4993682568 0.584 0.0146)
(0.5134735474 0.584 0.0146)
(0.5275788379 0.584 0.0146)
(0.5416841284 0.584 0.0146)
(0.5557894189 0.584 0.0146)
(0.5698947095 0.584 0.0146)
(0.584 0.584 0.0146)
)


// ************************************************************************* //
